id,next_games
5,1 2 3 4 5
13,1 2 3 4 5
20,1 2 3 4 5
25,1 2 3 4 5
32,1 2 3 4 5
34,1 2 3 4 5
36,1 2 3 4 5
56,1 2 3 4 5
58,1 2 3 4 5
66,1 2 3 4 5
73,1 2 3 4 5
86,1 2 3 4 5
109,1 2 3 4 5
125,1 2 3 4 5
130,1 2 3 4 5
134,1 2 3 4 5
137,1 2 3 4 5
147,1 2 3 4 5
154,1 2 3 4 5
159,1 2 3 4 5
166,1 2 3 4 5
170,1 2 3 4 5
178,1 2 3 4 5
180,1 2 3 4 5
187,1 2 3 4 5
198,1 2 3 4 5
202,1 2 3 4 5
215,1 2 3 4 5
223,1 2 3 4 5
241,1 2 3 4 5
248,1 2 3 4 5
255,1 2 3 4 5
262,1 2 3 4 5
264,1 2 3 4 5
265,1 2 3 4 5
277,1 2 3 4 5
279,1 2 3 4 5
286,1 2 3 4 5
293,1 2 3 4 5
301,1 2 3 4 5
306,1 2 3 4 5
314,1 2 3 4 5
317,1 2 3 4 5
322,1 2 3 4 5
326,1 2 3 4 5
329,1 2 3 4 5
336,1 2 3 4 5
358,1 2 3 4 5
365,1 2 3 4 5
400,1 2 3 4 5
401,1 2 3 4 5
405,1 2 3 4 5
409,1 2 3 4 5
412,1 2 3 4 5
414,1 2 3 4 5
424,1 2 3 4 5
430,1 2 3 4 5
431,1 2 3 4 5
438,1 2 3 4 5
442,1 2 3 4 5
452,1 2 3 4 5
453,1 2 3 4 5
455,1 2 3 4 5
459,1 2 3 4 5
463,1 2 3 4 5
464,1 2 3 4 5
472,1 2 3 4 5
476,1 2 3 4 5
502,1 2 3 4 5
508,1 2 3 4 5
510,1 2 3 4 5
513,1 2 3 4 5
521,1 2 3 4 5
530,1 2 3 4 5
557,1 2 3 4 5
565,1 2 3 4 5
581,1 2 3 4 5
586,1 2 3 4 5
590,1 2 3 4 5
596,1 2 3 4 5
598,1 2 3 4 5
609,1 2 3 4 5
625,1 2 3 4 5
627,1 2 3 4 5
628,1 2 3 4 5
630,1 2 3 4 5
638,1 2 3 4 5
639,1 2 3 4 5
644,1 2 3 4 5
647,1 2 3 4 5
653,1 2 3 4 5
659,1 2 3 4 5
661,1 2 3 4 5
664,1 2 3 4 5
678,1 2 3 4 5
681,1 2 3 4 5
686,1 2 3 4 5
693,1 2 3 4 5
695,1 2 3 4 5
696,1 2 3 4 5
705,1 2 3 4 5
709,1 2 3 4 5
713,1 2 3 4 5
732,1 2 3 4 5
745,1 2 3 4 5
759,1 2 3 4 5
769,1 2 3 4 5
773,1 2 3 4 5
779,1 2 3 4 5
786,1 2 3 4 5
798,1 2 3 4 5
801,1 2 3 4 5
814,1 2 3 4 5
821,1 2 3 4 5
839,1 2 3 4 5
848,1 2 3 4 5
853,1 2 3 4 5
870,1 2 3 4 5
876,1 2 3 4 5
889,1 2 3 4 5
896,1 2 3 4 5
902,1 2 3 4 5
905,1 2 3 4 5
916,1 2 3 4 5
918,1 2 3 4 5
921,1 2 3 4 5
922,1 2 3 4 5
935,1 2 3 4 5
939,1 2 3 4 5
941,1 2 3 4 5
942,1 2 3 4 5
946,1 2 3 4 5
949,1 2 3 4 5
950,1 2 3 4 5
955,1 2 3 4 5
985,1 2 3 4 5
996,1 2 3 4 5
1005,1 2 3 4 5
1007,1 2 3 4 5
1030,1 2 3 4 5
1039,1 2 3 4 5
1040,1 2 3 4 5
1044,1 2 3 4 5
1045,1 2 3 4 5
1047,1 2 3 4 5
1048,1 2 3 4 5
1058,1 2 3 4 5
1061,1 2 3 4 5
1068,1 2 3 4 5
1069,1 2 3 4 5
1073,1 2 3 4 5
1090,1 2 3 4 5
1099,1 2 3 4 5
1107,1 2 3 4 5
1109,1 2 3 4 5
1110,1 2 3 4 5
1119,1 2 3 4 5
1120,1 2 3 4 5
1133,1 2 3 4 5
1144,1 2 3 4 5
1166,1 2 3 4 5
1191,1 2 3 4 5
1199,1 2 3 4 5
1203,1 2 3 4 5
1206,1 2 3 4 5
1207,1 2 3 4 5
1209,1 2 3 4 5
1216,1 2 3 4 5
1220,1 2 3 4 5
1223,1 2 3 4 5
1224,1 2 3 4 5
1229,1 2 3 4 5
1230,1 2 3 4 5
1231,1 2 3 4 5
1245,1 2 3 4 5
1246,1 2 3 4 5
1261,1 2 3 4 5
1262,1 2 3 4 5
1263,1 2 3 4 5
1271,1 2 3 4 5
1292,1 2 3 4 5
1295,1 2 3 4 5
1304,1 2 3 4 5
1310,1 2 3 4 5
1313,1 2 3 4 5
1316,1 2 3 4 5
1318,1 2 3 4 5
1337,1 2 3 4 5
1340,1 2 3 4 5
1341,1 2 3 4 5
1346,1 2 3 4 5
1354,1 2 3 4 5
1355,1 2 3 4 5
1366,1 2 3 4 5
1367,1 2 3 4 5
1372,1 2 3 4 5
1389,1 2 3 4 5
1399,1 2 3 4 5
1408,1 2 3 4 5
1416,1 2 3 4 5
1427,1 2 3 4 5
1437,1 2 3 4 5
1445,1 2 3 4 5
1454,1 2 3 4 5
1458,1 2 3 4 5
1471,1 2 3 4 5
1476,1 2 3 4 5
1486,1 2 3 4 5
1490,1 2 3 4 5
1493,1 2 3 4 5
1501,1 2 3 4 5
1513,1 2 3 4 5
1527,1 2 3 4 5
1536,1 2 3 4 5
1537,1 2 3 4 5
1539,1 2 3 4 5
1544,1 2 3 4 5
1547,1 2 3 4 5
1548,1 2 3 4 5
1553,1 2 3 4 5
1557,1 2 3 4 5
1560,1 2 3 4 5
1575,1 2 3 4 5
1578,1 2 3 4 5
1579,1 2 3 4 5
1580,1 2 3 4 5
1584,1 2 3 4 5
1593,1 2 3 4 5
1605,1 2 3 4 5
1607,1 2 3 4 5
1611,1 2 3 4 5
1625,1 2 3 4 5
1627,1 2 3 4 5
1630,1 2 3 4 5
1632,1 2 3 4 5
1637,1 2 3 4 5
1643,1 2 3 4 5
1645,1 2 3 4 5
1647,1 2 3 4 5
1648,1 2 3 4 5
1651,1 2 3 4 5
1656,1 2 3 4 5
1662,1 2 3 4 5
1681,1 2 3 4 5
1686,1 2 3 4 5
1689,1 2 3 4 5
1694,1 2 3 4 5
1697,1 2 3 4 5
1698,1 2 3 4 5
1699,1 2 3 4 5
1711,1 2 3 4 5
1714,1 2 3 4 5
1715,1 2 3 4 5
1723,1 2 3 4 5
1725,1 2 3 4 5
1739,1 2 3 4 5
1744,1 2 3 4 5
1745,1 2 3 4 5
1747,1 2 3 4 5
1761,1 2 3 4 5
1773,1 2 3 4 5
1774,1 2 3 4 5
1792,1 2 3 4 5
1811,1 2 3 4 5
1817,1 2 3 4 5
1827,1 2 3 4 5
1830,1 2 3 4 5
1832,1 2 3 4 5
1834,1 2 3 4 5
1836,1 2 3 4 5
1852,1 2 3 4 5
1864,1 2 3 4 5
1881,1 2 3 4 5
1885,1 2 3 4 5
1895,1 2 3 4 5
1902,1 2 3 4 5
1910,1 2 3 4 5
1923,1 2 3 4 5
1928,1 2 3 4 5
1935,1 2 3 4 5
1943,1 2 3 4 5
1951,1 2 3 4 5
1957,1 2 3 4 5
1964,1 2 3 4 5
1965,1 2 3 4 5
2001,1 2 3 4 5
2004,1 2 3 4 5
2008,1 2 3 4 5
2011,1 2 3 4 5
2025,1 2 3 4 5
2031,1 2 3 4 5
2034,1 2 3 4 5
2038,1 2 3 4 5
2039,1 2 3 4 5
2043,1 2 3 4 5
2053,1 2 3 4 5
2055,1 2 3 4 5
2066,1 2 3 4 5
2073,1 2 3 4 5
2077,1 2 3 4 5
2080,1 2 3 4 5
2084,1 2 3 4 5
2087,1 2 3 4 5
2101,1 2 3 4 5
2103,1 2 3 4 5
2107,1 2 3 4 5
2122,1 2 3 4 5
2129,1 2 3 4 5
2132,1 2 3 4 5
2143,1 2 3 4 5
2145,1 2 3 4 5
2148,1 2 3 4 5
2159,1 2 3 4 5
2169,1 2 3 4 5
2184,1 2 3 4 5
2190,1 2 3 4 5
2199,1 2 3 4 5
2200,1 2 3 4 5
2215,1 2 3 4 5
2224,1 2 3 4 5
2230,1 2 3 4 5
2243,1 2 3 4 5
2245,1 2 3 4 5
2257,1 2 3 4 5
2261,1 2 3 4 5
2288,1 2 3 4 5
2290,1 2 3 4 5
2291,1 2 3 4 5
2294,1 2 3 4 5
2302,1 2 3 4 5
2306,1 2 3 4 5
2313,1 2 3 4 5
2316,1 2 3 4 5
2324,1 2 3 4 5
2329,1 2 3 4 5
2332,1 2 3 4 5
2335,1 2 3 4 5
2339,1 2 3 4 5
2343,1 2 3 4 5
2346,1 2 3 4 5
2357,1 2 3 4 5
2379,1 2 3 4 5
2394,1 2 3 4 5
2397,1 2 3 4 5
2402,1 2 3 4 5
2406,1 2 3 4 5
2411,1 2 3 4 5
2414,1 2 3 4 5
2420,1 2 3 4 5
2423,1 2 3 4 5
2424,1 2 3 4 5
2429,1 2 3 4 5
2436,1 2 3 4 5
2439,1 2 3 4 5
2443,1 2 3 4 5
2446,1 2 3 4 5
2470,1 2 3 4 5
2475,1 2 3 4 5
2486,1 2 3 4 5
2499,1 2 3 4 5
2505,1 2 3 4 5
2515,1 2 3 4 5
2530,1 2 3 4 5
2537,1 2 3 4 5
2546,1 2 3 4 5
2565,1 2 3 4 5
2571,1 2 3 4 5
2579,1 2 3 4 5
2584,1 2 3 4 5
2602,1 2 3 4 5
2605,1 2 3 4 5
2609,1 2 3 4 5
2633,1 2 3 4 5
2640,1 2 3 4 5
2653,1 2 3 4 5
2680,1 2 3 4 5
2686,1 2 3 4 5
2689,1 2 3 4 5
2692,1 2 3 4 5
2695,1 2 3 4 5
2700,1 2 3 4 5
2703,1 2 3 4 5
2721,1 2 3 4 5
2722,1 2 3 4 5
2726,1 2 3 4 5
2740,1 2 3 4 5
2743,1 2 3 4 5
2747,1 2 3 4 5
2760,1 2 3 4 5
2769,1 2 3 4 5
2771,1 2 3 4 5
2776,1 2 3 4 5
2782,1 2 3 4 5
2787,1 2 3 4 5
2789,1 2 3 4 5
2790,1 2 3 4 5
2793,1 2 3 4 5
2797,1 2 3 4 5
2804,1 2 3 4 5
2805,1 2 3 4 5
2818,1 2 3 4 5
2820,1 2 3 4 5
2824,1 2 3 4 5
2837,1 2 3 4 5
2842,1 2 3 4 5
2848,1 2 3 4 5
2853,1 2 3 4 5
2856,1 2 3 4 5
2857,1 2 3 4 5
2866,1 2 3 4 5
2877,1 2 3 4 5
2881,1 2 3 4 5
2882,1 2 3 4 5
2887,1 2 3 4 5
2890,1 2 3 4 5
2891,1 2 3 4 5
2898,1 2 3 4 5
2901,1 2 3 4 5
2902,1 2 3 4 5
2903,1 2 3 4 5
2905,1 2 3 4 5
2908,1 2 3 4 5
2922,1 2 3 4 5
2934,1 2 3 4 5
2935,1 2 3 4 5
2983,1 2 3 4 5
2987,1 2 3 4 5
2989,1 2 3 4 5
2994,1 2 3 4 5
3002,1 2 3 4 5
3014,1 2 3 4 5
3020,1 2 3 4 5
3033,1 2 3 4 5
3039,1 2 3 4 5
3045,1 2 3 4 5
3051,1 2 3 4 5
3055,1 2 3 4 5
3057,1 2 3 4 5
3065,1 2 3 4 5
3069,1 2 3 4 5
3071,1 2 3 4 5
3076,1 2 3 4 5
3078,1 2 3 4 5
3079,1 2 3 4 5
3080,1 2 3 4 5
3082,1 2 3 4 5
3087,1 2 3 4 5
3100,1 2 3 4 5
3102,1 2 3 4 5
3109,1 2 3 4 5
3116,1 2 3 4 5
3134,1 2 3 4 5
3137,1 2 3 4 5
3140,1 2 3 4 5
3171,1 2 3 4 5
3173,1 2 3 4 5
3178,1 2 3 4 5
3184,1 2 3 4 5
3206,1 2 3 4 5
3209,1 2 3 4 5
3222,1 2 3 4 5
3223,1 2 3 4 5
3227,1 2 3 4 5
3236,1 2 3 4 5
3244,1 2 3 4 5
3253,1 2 3 4 5
3255,1 2 3 4 5
3262,1 2 3 4 5
3270,1 2 3 4 5
3272,1 2 3 4 5
3284,1 2 3 4 5
3285,1 2 3 4 5
3287,1 2 3 4 5
3295,1 2 3 4 5
3299,1 2 3 4 5
3300,1 2 3 4 5
3311,1 2 3 4 5
3315,1 2 3 4 5
3323,1 2 3 4 5
3324,1 2 3 4 5
3325,1 2 3 4 5
3337,1 2 3 4 5
3340,1 2 3 4 5
3346,1 2 3 4 5
3366,1 2 3 4 5
3374,1 2 3 4 5
3375,1 2 3 4 5
3381,1 2 3 4 5
3392,1 2 3 4 5
3401,1 2 3 4 5
3403,1 2 3 4 5
3416,1 2 3 4 5
3423,1 2 3 4 5
3434,1 2 3 4 5
3443,1 2 3 4 5
3445,1 2 3 4 5
3453,1 2 3 4 5
3461,1 2 3 4 5
3478,1 2 3 4 5
3480,1 2 3 4 5
3484,1 2 3 4 5
3486,1 2 3 4 5
3488,1 2 3 4 5
3500,1 2 3 4 5
3501,1 2 3 4 5
3502,1 2 3 4 5
3506,1 2 3 4 5
3511,1 2 3 4 5
3513,1 2 3 4 5
3520,1 2 3 4 5
3522,1 2 3 4 5
3528,1 2 3 4 5
3529,1 2 3 4 5
3545,1 2 3 4 5
3557,1 2 3 4 5
3564,1 2 3 4 5
3570,1 2 3 4 5
3582,1 2 3 4 5
3587,1 2 3 4 5
3589,1 2 3 4 5
3594,1 2 3 4 5
3600,1 2 3 4 5
3603,1 2 3 4 5
3609,1 2 3 4 5
3610,1 2 3 4 5
3619,1 2 3 4 5
3630,1 2 3 4 5
3632,1 2 3 4 5
3633,1 2 3 4 5
3647,1 2 3 4 5
3658,1 2 3 4 5
3672,1 2 3 4 5
3673,1 2 3 4 5
3677,1 2 3 4 5
3686,1 2 3 4 5
3687,1 2 3 4 5
3696,1 2 3 4 5
3704,1 2 3 4 5
3705,1 2 3 4 5
3707,1 2 3 4 5
3717,1 2 3 4 5
3727,1 2 3 4 5
3728,1 2 3 4 5
3732,1 2 3 4 5
3735,1 2 3 4 5
3740,1 2 3 4 5
3749,1 2 3 4 5
3770,1 2 3 4 5
3779,1 2 3 4 5
3786,1 2 3 4 5
3799,1 2 3 4 5
3804,1 2 3 4 5
3810,1 2 3 4 5
3813,1 2 3 4 5
3824,1 2 3 4 5
3856,1 2 3 4 5
3857,1 2 3 4 5
3863,1 2 3 4 5
3868,1 2 3 4 5
3872,1 2 3 4 5
3876,1 2 3 4 5
3884,1 2 3 4 5
3886,1 2 3 4 5
3892,1 2 3 4 5
3898,1 2 3 4 5
3908,1 2 3 4 5
3909,1 2 3 4 5
3913,1 2 3 4 5
3922,1 2 3 4 5
3925,1 2 3 4 5
3933,1 2 3 4 5
3940,1 2 3 4 5
3955,1 2 3 4 5
3957,1 2 3 4 5
3963,1 2 3 4 5
3965,1 2 3 4 5
3974,1 2 3 4 5
4003,1 2 3 4 5
4004,1 2 3 4 5
4006,1 2 3 4 5
4016,1 2 3 4 5
4017,1 2 3 4 5
4021,1 2 3 4 5
4022,1 2 3 4 5
4026,1 2 3 4 5
4040,1 2 3 4 5
4046,1 2 3 4 5
4058,1 2 3 4 5
4065,1 2 3 4 5
4069,1 2 3 4 5
4100,1 2 3 4 5
4114,1 2 3 4 5
4116,1 2 3 4 5
4128,1 2 3 4 5
4131,1 2 3 4 5
4153,1 2 3 4 5
4154,1 2 3 4 5
4163,1 2 3 4 5
4164,1 2 3 4 5
4171,1 2 3 4 5
4197,1 2 3 4 5
4203,1 2 3 4 5
4227,1 2 3 4 5
4235,1 2 3 4 5
4274,1 2 3 4 5
4275,1 2 3 4 5
4280,1 2 3 4 5
4284,1 2 3 4 5
4291,1 2 3 4 5
4295,1 2 3 4 5
4302,1 2 3 4 5
4321,1 2 3 4 5
4323,1 2 3 4 5
4324,1 2 3 4 5
4331,1 2 3 4 5
4339,1 2 3 4 5
4342,1 2 3 4 5
4386,1 2 3 4 5
4399,1 2 3 4 5
4406,1 2 3 4 5
4427,1 2 3 4 5
4438,1 2 3 4 5
4446,1 2 3 4 5
4450,1 2 3 4 5
4470,1 2 3 4 5
4490,1 2 3 4 5
4491,1 2 3 4 5
4497,1 2 3 4 5
4503,1 2 3 4 5
4504,1 2 3 4 5
4507,1 2 3 4 5
4523,1 2 3 4 5
4526,1 2 3 4 5
4528,1 2 3 4 5
4532,1 2 3 4 5
4536,1 2 3 4 5
4547,1 2 3 4 5
4552,1 2 3 4 5
4563,1 2 3 4 5
4564,1 2 3 4 5
4574,1 2 3 4 5
4575,1 2 3 4 5
4578,1 2 3 4 5
4579,1 2 3 4 5
4584,1 2 3 4 5
4585,1 2 3 4 5
4587,1 2 3 4 5
4589,1 2 3 4 5
4602,1 2 3 4 5
4607,1 2 3 4 5
4609,1 2 3 4 5
4613,1 2 3 4 5
4617,1 2 3 4 5
4620,1 2 3 4 5
4634,1 2 3 4 5
4635,1 2 3 4 5
4644,1 2 3 4 5
4648,1 2 3 4 5
4650,1 2 3 4 5
4664,1 2 3 4 5
4672,1 2 3 4 5
4680,1 2 3 4 5
4688,1 2 3 4 5
4695,1 2 3 4 5
4708,1 2 3 4 5
4709,1 2 3 4 5
4715,1 2 3 4 5
4718,1 2 3 4 5
4721,1 2 3 4 5
4723,1 2 3 4 5
4730,1 2 3 4 5
4737,1 2 3 4 5
4744,1 2 3 4 5
4749,1 2 3 4 5
4752,1 2 3 4 5
4759,1 2 3 4 5
4761,1 2 3 4 5
4764,1 2 3 4 5
4765,1 2 3 4 5
4771,1 2 3 4 5
4776,1 2 3 4 5
4777,1 2 3 4 5
4784,1 2 3 4 5
4785,1 2 3 4 5
4795,1 2 3 4 5
4799,1 2 3 4 5
4803,1 2 3 4 5
4822,1 2 3 4 5
4828,1 2 3 4 5
4829,1 2 3 4 5
4832,1 2 3 4 5
4838,1 2 3 4 5
4846,1 2 3 4 5
4850,1 2 3 4 5
4854,1 2 3 4 5
4855,1 2 3 4 5
4859,1 2 3 4 5
4860,1 2 3 4 5
4865,1 2 3 4 5
4867,1 2 3 4 5
4870,1 2 3 4 5
4871,1 2 3 4 5
4876,1 2 3 4 5
4879,1 2 3 4 5
4881,1 2 3 4 5
4891,1 2 3 4 5
4922,1 2 3 4 5
4924,1 2 3 4 5
4925,1 2 3 4 5
4928,1 2 3 4 5
4940,1 2 3 4 5
4947,1 2 3 4 5
4952,1 2 3 4 5
4959,1 2 3 4 5
4960,1 2 3 4 5
4966,1 2 3 4 5
4973,1 2 3 4 5
4991,1 2 3 4 5
5003,1 2 3 4 5
5004,1 2 3 4 5
5019,1 2 3 4 5
5022,1 2 3 4 5
5024,1 2 3 4 5
5027,1 2 3 4 5
5048,1 2 3 4 5
5057,1 2 3 4 5
5062,1 2 3 4 5
5065,1 2 3 4 5
5082,1 2 3 4 5
5093,1 2 3 4 5
5095,1 2 3 4 5
5105,1 2 3 4 5
5108,1 2 3 4 5
5113,1 2 3 4 5
5116,1 2 3 4 5
5120,1 2 3 4 5
5135,1 2 3 4 5
5143,1 2 3 4 5
5145,1 2 3 4 5
5146,1 2 3 4 5
5149,1 2 3 4 5
5151,1 2 3 4 5
5152,1 2 3 4 5
5162,1 2 3 4 5
5180,1 2 3 4 5
5185,1 2 3 4 5
5202,1 2 3 4 5
5229,1 2 3 4 5
5231,1 2 3 4 5
5239,1 2 3 4 5
5244,1 2 3 4 5
5246,1 2 3 4 5
5261,1 2 3 4 5
5272,1 2 3 4 5
5273,1 2 3 4 5
5281,1 2 3 4 5
5294,1 2 3 4 5
5301,1 2 3 4 5
5308,1 2 3 4 5
5312,1 2 3 4 5
5314,1 2 3 4 5
5325,1 2 3 4 5
5332,1 2 3 4 5
5352,1 2 3 4 5
5357,1 2 3 4 5
5360,1 2 3 4 5
5366,1 2 3 4 5
5368,1 2 3 4 5
5372,1 2 3 4 5
5373,1 2 3 4 5
5379,1 2 3 4 5
5395,1 2 3 4 5
5405,1 2 3 4 5
5406,1 2 3 4 5
5412,1 2 3 4 5
5423,1 2 3 4 5
5425,1 2 3 4 5
5426,1 2 3 4 5
5437,1 2 3 4 5
5444,1 2 3 4 5
5446,1 2 3 4 5
5452,1 2 3 4 5
5454,1 2 3 4 5
5457,1 2 3 4 5
5481,1 2 3 4 5
5491,1 2 3 4 5
5497,1 2 3 4 5
5506,1 2 3 4 5
5510,1 2 3 4 5
5522,1 2 3 4 5
5532,1 2 3 4 5
5534,1 2 3 4 5
5536,1 2 3 4 5
5549,1 2 3 4 5
5554,1 2 3 4 5
5555,1 2 3 4 5
5558,1 2 3 4 5
5573,1 2 3 4 5
5581,1 2 3 4 5
5593,1 2 3 4 5
5594,1 2 3 4 5
5598,1 2 3 4 5
5599,1 2 3 4 5
5607,1 2 3 4 5
5610,1 2 3 4 5
5627,1 2 3 4 5
5629,1 2 3 4 5
5648,1 2 3 4 5
5651,1 2 3 4 5
5656,1 2 3 4 5
5657,1 2 3 4 5
5663,1 2 3 4 5
5664,1 2 3 4 5
5672,1 2 3 4 5
5675,1 2 3 4 5
5677,1 2 3 4 5
5678,1 2 3 4 5
5684,1 2 3 4 5
5689,1 2 3 4 5
5715,1 2 3 4 5
5716,1 2 3 4 5
5737,1 2 3 4 5
5743,1 2 3 4 5
5748,1 2 3 4 5
5761,1 2 3 4 5
5767,1 2 3 4 5
5771,1 2 3 4 5
5775,1 2 3 4 5
5784,1 2 3 4 5
5789,1 2 3 4 5
5790,1 2 3 4 5
5809,1 2 3 4 5
5821,1 2 3 4 5
5829,1 2 3 4 5
5837,1 2 3 4 5
5859,1 2 3 4 5
5869,1 2 3 4 5
5871,1 2 3 4 5
5876,1 2 3 4 5
5886,1 2 3 4 5
5887,1 2 3 4 5
5902,1 2 3 4 5
5903,1 2 3 4 5
5910,1 2 3 4 5
5911,1 2 3 4 5
5918,1 2 3 4 5
5922,1 2 3 4 5
5923,1 2 3 4 5
5930,1 2 3 4 5
5937,1 2 3 4 5
5938,1 2 3 4 5
5941,1 2 3 4 5
5950,1 2 3 4 5
5951,1 2 3 4 5
5955,1 2 3 4 5
5957,1 2 3 4 5
5967,1 2 3 4 5
5968,1 2 3 4 5
5973,1 2 3 4 5
5979,1 2 3 4 5
5981,1 2 3 4 5
5989,1 2 3 4 5
5990,1 2 3 4 5
5993,1 2 3 4 5
5994,1 2 3 4 5
6003,1 2 3 4 5
6008,1 2 3 4 5
6017,1 2 3 4 5
6020,1 2 3 4 5
6023,1 2 3 4 5
6025,1 2 3 4 5
6027,1 2 3 4 5
6030,1 2 3 4 5
6031,1 2 3 4 5
6041,1 2 3 4 5
6051,1 2 3 4 5
6058,1 2 3 4 5
6059,1 2 3 4 5
6064,1 2 3 4 5
6087,1 2 3 4 5
6089,1 2 3 4 5
6093,1 2 3 4 5
6098,1 2 3 4 5
6100,1 2 3 4 5
6118,1 2 3 4 5
6119,1 2 3 4 5
6139,1 2 3 4 5
6140,1 2 3 4 5
6146,1 2 3 4 5
6149,1 2 3 4 5
6152,1 2 3 4 5
6162,1 2 3 4 5
6166,1 2 3 4 5
6169,1 2 3 4 5
6173,1 2 3 4 5
6193,1 2 3 4 5
6195,1 2 3 4 5
6205,1 2 3 4 5
6209,1 2 3 4 5
6214,1 2 3 4 5
6230,1 2 3 4 5
6231,1 2 3 4 5
6256,1 2 3 4 5
6260,1 2 3 4 5
6272,1 2 3 4 5
6276,1 2 3 4 5
6292,1 2 3 4 5
6294,1 2 3 4 5
6318,1 2 3 4 5
6319,1 2 3 4 5
6323,1 2 3 4 5
6337,1 2 3 4 5
6339,1 2 3 4 5
6351,1 2 3 4 5
6353,1 2 3 4 5
6361,1 2 3 4 5
6369,1 2 3 4 5
6371,1 2 3 4 5
6373,1 2 3 4 5
6382,1 2 3 4 5
6385,1 2 3 4 5
6388,1 2 3 4 5
6393,1 2 3 4 5
6395,1 2 3 4 5
6396,1 2 3 4 5
6404,1 2 3 4 5
6430,1 2 3 4 5
6449,1 2 3 4 5
6458,1 2 3 4 5
6474,1 2 3 4 5
6482,1 2 3 4 5
6490,1 2 3 4 5
6491,1 2 3 4 5
6498,1 2 3 4 5
6503,1 2 3 4 5
6508,1 2 3 4 5
6518,1 2 3 4 5
6522,1 2 3 4 5
6527,1 2 3 4 5
6530,1 2 3 4 5
6536,1 2 3 4 5
6540,1 2 3 4 5
6544,1 2 3 4 5
6556,1 2 3 4 5
6561,1 2 3 4 5
6564,1 2 3 4 5
6567,1 2 3 4 5
6574,1 2 3 4 5
6576,1 2 3 4 5
6586,1 2 3 4 5
6587,1 2 3 4 5
6588,1 2 3 4 5
6592,1 2 3 4 5
6615,1 2 3 4 5
6616,1 2 3 4 5
6618,1 2 3 4 5
6622,1 2 3 4 5
6630,1 2 3 4 5
6648,1 2 3 4 5
6650,1 2 3 4 5
6663,1 2 3 4 5
6705,1 2 3 4 5
6707,1 2 3 4 5
6716,1 2 3 4 5
6719,1 2 3 4 5
6733,1 2 3 4 5
6745,1 2 3 4 5
6746,1 2 3 4 5
6750,1 2 3 4 5
6759,1 2 3 4 5
6772,1 2 3 4 5
6790,1 2 3 4 5
6792,1 2 3 4 5
6800,1 2 3 4 5
6819,1 2 3 4 5
6822,1 2 3 4 5
6824,1 2 3 4 5
6831,1 2 3 4 5
6845,1 2 3 4 5
6850,1 2 3 4 5
6852,1 2 3 4 5
6853,1 2 3 4 5
6860,1 2 3 4 5
6864,1 2 3 4 5
6879,1 2 3 4 5
6881,1 2 3 4 5
6894,1 2 3 4 5
6895,1 2 3 4 5
6900,1 2 3 4 5
6918,1 2 3 4 5
6934,1 2 3 4 5
6935,1 2 3 4 5
6940,1 2 3 4 5
6947,1 2 3 4 5
6957,1 2 3 4 5
6975,1 2 3 4 5
6977,1 2 3 4 5
6986,1 2 3 4 5
6989,1 2 3 4 5
7000,1 2 3 4 5
7001,1 2 3 4 5
7003,1 2 3 4 5
7007,1 2 3 4 5
7017,1 2 3 4 5
7027,1 2 3 4 5
7028,1 2 3 4 5
7038,1 2 3 4 5
7042,1 2 3 4 5
7043,1 2 3 4 5
7049,1 2 3 4 5
7054,1 2 3 4 5
7062,1 2 3 4 5
7067,1 2 3 4 5
7068,1 2 3 4 5
7070,1 2 3 4 5
7073,1 2 3 4 5
7087,1 2 3 4 5
7095,1 2 3 4 5
7097,1 2 3 4 5
7108,1 2 3 4 5
7112,1 2 3 4 5
7113,1 2 3 4 5
7114,1 2 3 4 5
7124,1 2 3 4 5
7139,1 2 3 4 5
7142,1 2 3 4 5
7155,1 2 3 4 5
7158,1 2 3 4 5
7168,1 2 3 4 5
7171,1 2 3 4 5
7185,1 2 3 4 5
7196,1 2 3 4 5
7208,1 2 3 4 5
7218,1 2 3 4 5
7220,1 2 3 4 5
7233,1 2 3 4 5
7236,1 2 3 4 5
7238,1 2 3 4 5
7240,1 2 3 4 5
7241,1 2 3 4 5
7246,1 2 3 4 5
7266,1 2 3 4 5
7285,1 2 3 4 5
7289,1 2 3 4 5
7290,1 2 3 4 5
7330,1 2 3 4 5
7331,1 2 3 4 5
7334,1 2 3 4 5
7342,1 2 3 4 5
7345,1 2 3 4 5
7348,1 2 3 4 5
7364,1 2 3 4 5
7376,1 2 3 4 5
7381,1 2 3 4 5
7392,1 2 3 4 5
7397,1 2 3 4 5
7417,1 2 3 4 5
7426,1 2 3 4 5
7428,1 2 3 4 5
7449,1 2 3 4 5
7456,1 2 3 4 5
7469,1 2 3 4 5
7478,1 2 3 4 5
7483,1 2 3 4 5
7490,1 2 3 4 5
7503,1 2 3 4 5
7508,1 2 3 4 5
7512,1 2 3 4 5
7513,1 2 3 4 5
7514,1 2 3 4 5
7515,1 2 3 4 5
7537,1 2 3 4 5
7540,1 2 3 4 5
7543,1 2 3 4 5
7563,1 2 3 4 5
7570,1 2 3 4 5
7574,1 2 3 4 5
7582,1 2 3 4 5
7585,1 2 3 4 5
7594,1 2 3 4 5
7597,1 2 3 4 5
7600,1 2 3 4 5
7605,1 2 3 4 5
7609,1 2 3 4 5
7619,1 2 3 4 5
7626,1 2 3 4 5
7631,1 2 3 4 5
7642,1 2 3 4 5
7647,1 2 3 4 5
7651,1 2 3 4 5
7666,1 2 3 4 5
7679,1 2 3 4 5
7680,1 2 3 4 5
7686,1 2 3 4 5
7695,1 2 3 4 5
7700,1 2 3 4 5
7720,1 2 3 4 5
7726,1 2 3 4 5
7731,1 2 3 4 5
7732,1 2 3 4 5
7735,1 2 3 4 5
7738,1 2 3 4 5
7743,1 2 3 4 5
7745,1 2 3 4 5
7762,1 2 3 4 5
7770,1 2 3 4 5
7781,1 2 3 4 5
7783,1 2 3 4 5
7792,1 2 3 4 5
7793,1 2 3 4 5
7842,1 2 3 4 5
7850,1 2 3 4 5
7884,1 2 3 4 5
7897,1 2 3 4 5
7898,1 2 3 4 5
7899,1 2 3 4 5
7902,1 2 3 4 5
7905,1 2 3 4 5
7914,1 2 3 4 5
7931,1 2 3 4 5
7935,1 2 3 4 5
7943,1 2 3 4 5
7947,1 2 3 4 5
7958,1 2 3 4 5
7966,1 2 3 4 5
7967,1 2 3 4 5
7969,1 2 3 4 5
7970,1 2 3 4 5
7971,1 2 3 4 5
7978,1 2 3 4 5
7980,1 2 3 4 5
7996,1 2 3 4 5
8028,1 2 3 4 5
8031,1 2 3 4 5
8040,1 2 3 4 5
8045,1 2 3 4 5
8046,1 2 3 4 5
8074,1 2 3 4 5
8081,1 2 3 4 5
8101,1 2 3 4 5
8122,1 2 3 4 5
8123,1 2 3 4 5
8131,1 2 3 4 5
8132,1 2 3 4 5
8138,1 2 3 4 5
8142,1 2 3 4 5
8145,1 2 3 4 5
8154,1 2 3 4 5
8157,1 2 3 4 5
8165,1 2 3 4 5
8174,1 2 3 4 5
8179,1 2 3 4 5
8197,1 2 3 4 5
8199,1 2 3 4 5
8210,1 2 3 4 5
8221,1 2 3 4 5
8228,1 2 3 4 5
8245,1 2 3 4 5
8267,1 2 3 4 5
8279,1 2 3 4 5
8293,1 2 3 4 5
8296,1 2 3 4 5
8302,1 2 3 4 5
8303,1 2 3 4 5
8324,1 2 3 4 5
8339,1 2 3 4 5
8347,1 2 3 4 5
8351,1 2 3 4 5
8356,1 2 3 4 5
8361,1 2 3 4 5
8367,1 2 3 4 5
8374,1 2 3 4 5
8385,1 2 3 4 5
8391,1 2 3 4 5
8399,1 2 3 4 5
8409,1 2 3 4 5
8480,1 2 3 4 5
8488,1 2 3 4 5
8500,1 2 3 4 5
8502,1 2 3 4 5
8510,1 2 3 4 5
8511,1 2 3 4 5
8514,1 2 3 4 5
8517,1 2 3 4 5
8522,1 2 3 4 5
8524,1 2 3 4 5
8535,1 2 3 4 5
8544,1 2 3 4 5
8552,1 2 3 4 5
8553,1 2 3 4 5
8555,1 2 3 4 5
8556,1 2 3 4 5
8572,1 2 3 4 5
8588,1 2 3 4 5
8599,1 2 3 4 5
8605,1 2 3 4 5
8610,1 2 3 4 5
8613,1 2 3 4 5
8616,1 2 3 4 5
8622,1 2 3 4 5
8635,1 2 3 4 5
8636,1 2 3 4 5
8640,1 2 3 4 5
8650,1 2 3 4 5
8654,1 2 3 4 5
8656,1 2 3 4 5
8662,1 2 3 4 5
8666,1 2 3 4 5
8672,1 2 3 4 5
8674,1 2 3 4 5
8680,1 2 3 4 5
8684,1 2 3 4 5
8691,1 2 3 4 5
8696,1 2 3 4 5
8697,1 2 3 4 5
8698,1 2 3 4 5
8701,1 2 3 4 5
8705,1 2 3 4 5
8717,1 2 3 4 5
8722,1 2 3 4 5
8726,1 2 3 4 5
8731,1 2 3 4 5
8743,1 2 3 4 5
8747,1 2 3 4 5
8749,1 2 3 4 5
8753,1 2 3 4 5
8757,1 2 3 4 5
8759,1 2 3 4 5
8761,1 2 3 4 5
8794,1 2 3 4 5
8799,1 2 3 4 5
8808,1 2 3 4 5
8815,1 2 3 4 5
8823,1 2 3 4 5
8844,1 2 3 4 5
8849,1 2 3 4 5
8856,1 2 3 4 5
8860,1 2 3 4 5
8864,1 2 3 4 5
8868,1 2 3 4 5
8870,1 2 3 4 5
8876,1 2 3 4 5
8878,1 2 3 4 5
8879,1 2 3 4 5
8891,1 2 3 4 5
8892,1 2 3 4 5
8894,1 2 3 4 5
8912,1 2 3 4 5
8918,1 2 3 4 5
8919,1 2 3 4 5
8923,1 2 3 4 5
8925,1 2 3 4 5
8927,1 2 3 4 5
8975,1 2 3 4 5
8976,1 2 3 4 5
8979,1 2 3 4 5
8982,1 2 3 4 5
8983,1 2 3 4 5
8985,1 2 3 4 5
8987,1 2 3 4 5
8995,1 2 3 4 5
9001,1 2 3 4 5
9004,1 2 3 4 5
9017,1 2 3 4 5
9023,1 2 3 4 5
9033,1 2 3 4 5
9042,1 2 3 4 5
9044,1 2 3 4 5
9052,1 2 3 4 5
9060,1 2 3 4 5
9084,1 2 3 4 5
9087,1 2 3 4 5
9091,1 2 3 4 5
9092,1 2 3 4 5
9105,1 2 3 4 5
9108,1 2 3 4 5
9128,1 2 3 4 5
9135,1 2 3 4 5
9138,1 2 3 4 5
9141,1 2 3 4 5
9147,1 2 3 4 5
9148,1 2 3 4 5
9162,1 2 3 4 5
9168,1 2 3 4 5
9178,1 2 3 4 5
9186,1 2 3 4 5
9191,1 2 3 4 5
9198,1 2 3 4 5
9199,1 2 3 4 5
9202,1 2 3 4 5
9207,1 2 3 4 5
9213,1 2 3 4 5
9214,1 2 3 4 5
9219,1 2 3 4 5
9225,1 2 3 4 5
9227,1 2 3 4 5
9230,1 2 3 4 5
9241,1 2 3 4 5
9246,1 2 3 4 5
9253,1 2 3 4 5
9272,1 2 3 4 5
9282,1 2 3 4 5
9283,1 2 3 4 5
9284,1 2 3 4 5
9285,1 2 3 4 5
9287,1 2 3 4 5
9288,1 2 3 4 5
9293,1 2 3 4 5
9295,1 2 3 4 5
9311,1 2 3 4 5
9314,1 2 3 4 5
9322,1 2 3 4 5
9329,1 2 3 4 5
9332,1 2 3 4 5
9357,1 2 3 4 5
9368,1 2 3 4 5
9387,1 2 3 4 5
9389,1 2 3 4 5
9395,1 2 3 4 5
9398,1 2 3 4 5
9407,1 2 3 4 5
9416,1 2 3 4 5
9430,1 2 3 4 5
9433,1 2 3 4 5
9442,1 2 3 4 5
9462,1 2 3 4 5
9481,1 2 3 4 5
9486,1 2 3 4 5
9489,1 2 3 4 5
9494,1 2 3 4 5
9495,1 2 3 4 5
9498,1 2 3 4 5
9502,1 2 3 4 5
9532,1 2 3 4 5
9537,1 2 3 4 5
9545,1 2 3 4 5
9549,1 2 3 4 5
9566,1 2 3 4 5
9572,1 2 3 4 5
9582,1 2 3 4 5
9606,1 2 3 4 5
9611,1 2 3 4 5
9629,1 2 3 4 5
9652,1 2 3 4 5
9656,1 2 3 4 5
9657,1 2 3 4 5
9672,1 2 3 4 5
9673,1 2 3 4 5
9677,1 2 3 4 5
9685,1 2 3 4 5
9687,1 2 3 4 5
9693,1 2 3 4 5
9700,1 2 3 4 5
9708,1 2 3 4 5
9712,1 2 3 4 5
9713,1 2 3 4 5
9716,1 2 3 4 5
9722,1 2 3 4 5
9732,1 2 3 4 5
9750,1 2 3 4 5
9751,1 2 3 4 5
9763,1 2 3 4 5
9800,1 2 3 4 5
9803,1 2 3 4 5
9817,1 2 3 4 5
9819,1 2 3 4 5
9825,1 2 3 4 5
9828,1 2 3 4 5
9836,1 2 3 4 5
9843,1 2 3 4 5
9844,1 2 3 4 5
9859,1 2 3 4 5
9862,1 2 3 4 5
9866,1 2 3 4 5
9880,1 2 3 4 5
9882,1 2 3 4 5
9894,1 2 3 4 5
9897,1 2 3 4 5
9903,1 2 3 4 5
9919,1 2 3 4 5
9925,1 2 3 4 5
9927,1 2 3 4 5
9928,1 2 3 4 5
9933,1 2 3 4 5
9939,1 2 3 4 5
9949,1 2 3 4 5
9954,1 2 3 4 5
9956,1 2 3 4 5
9957,1 2 3 4 5
9959,1 2 3 4 5
9961,1 2 3 4 5
9967,1 2 3 4 5
9969,1 2 3 4 5
9982,1 2 3 4 5
9996,1 2 3 4 5
9998,1 2 3 4 5
10001,1 2 3 4 5
10008,1 2 3 4 5
10014,1 2 3 4 5
10015,1 2 3 4 5
10018,1 2 3 4 5
10024,1 2 3 4 5
10025,1 2 3 4 5
10036,1 2 3 4 5
10044,1 2 3 4 5
10081,1 2 3 4 5
10088,1 2 3 4 5
10094,1 2 3 4 5
10103,1 2 3 4 5
10104,1 2 3 4 5
10108,1 2 3 4 5
10111,1 2 3 4 5
10120,1 2 3 4 5
10133,1 2 3 4 5
10134,1 2 3 4 5
10138,1 2 3 4 5
10142,1 2 3 4 5
10159,1 2 3 4 5
10160,1 2 3 4 5
10161,1 2 3 4 5
10172,1 2 3 4 5
10174,1 2 3 4 5
10175,1 2 3 4 5
10181,1 2 3 4 5
10183,1 2 3 4 5
10189,1 2 3 4 5
10190,1 2 3 4 5
10192,1 2 3 4 5
10210,1 2 3 4 5
10213,1 2 3 4 5
10239,1 2 3 4 5
10240,1 2 3 4 5
10242,1 2 3 4 5
10250,1 2 3 4 5
10256,1 2 3 4 5
10257,1 2 3 4 5
10258,1 2 3 4 5
10260,1 2 3 4 5
10264,1 2 3 4 5
10266,1 2 3 4 5
10278,1 2 3 4 5
10280,1 2 3 4 5
10285,1 2 3 4 5
10287,1 2 3 4 5
10290,1 2 3 4 5
10292,1 2 3 4 5
10299,1 2 3 4 5
10316,1 2 3 4 5
10319,1 2 3 4 5
10334,1 2 3 4 5
10335,1 2 3 4 5
10338,1 2 3 4 5
10340,1 2 3 4 5
10341,1 2 3 4 5
10345,1 2 3 4 5
10350,1 2 3 4 5
10358,1 2 3 4 5
10361,1 2 3 4 5
10364,1 2 3 4 5
10368,1 2 3 4 5
10369,1 2 3 4 5
10372,1 2 3 4 5
10375,1 2 3 4 5
10379,1 2 3 4 5
10385,1 2 3 4 5
10388,1 2 3 4 5
10389,1 2 3 4 5
10392,1 2 3 4 5
10423,1 2 3 4 5
10435,1 2 3 4 5
10445,1 2 3 4 5
10449,1 2 3 4 5
10451,1 2 3 4 5
10453,1 2 3 4 5
10467,1 2 3 4 5
10477,1 2 3 4 5
10512,1 2 3 4 5
10513,1 2 3 4 5
10520,1 2 3 4 5
10541,1 2 3 4 5
10544,1 2 3 4 5
10550,1 2 3 4 5
10555,1 2 3 4 5
10556,1 2 3 4 5
10559,1 2 3 4 5
10566,1 2 3 4 5
10569,1 2 3 4 5
10572,1 2 3 4 5
10580,1 2 3 4 5
10594,1 2 3 4 5
10603,1 2 3 4 5
10609,1 2 3 4 5
10615,1 2 3 4 5
10617,1 2 3 4 5
10628,1 2 3 4 5
10638,1 2 3 4 5
10647,1 2 3 4 5
10656,1 2 3 4 5
10660,1 2 3 4 5
10671,1 2 3 4 5
10673,1 2 3 4 5
10681,1 2 3 4 5
10684,1 2 3 4 5
10696,1 2 3 4 5
10708,1 2 3 4 5
10712,1 2 3 4 5
10720,1 2 3 4 5
10735,1 2 3 4 5
10743,1 2 3 4 5
10746,1 2 3 4 5
10748,1 2 3 4 5
10754,1 2 3 4 5
10763,1 2 3 4 5
10764,1 2 3 4 5
10765,1 2 3 4 5
10779,1 2 3 4 5
10784,1 2 3 4 5
10786,1 2 3 4 5
10792,1 2 3 4 5
10795,1 2 3 4 5
10800,1 2 3 4 5
10813,1 2 3 4 5
10814,1 2 3 4 5
10818,1 2 3 4 5
10821,1 2 3 4 5
10831,1 2 3 4 5
10839,1 2 3 4 5
10841,1 2 3 4 5
10853,1 2 3 4 5
10855,1 2 3 4 5
10868,1 2 3 4 5
10872,1 2 3 4 5
10875,1 2 3 4 5
10879,1 2 3 4 5
10881,1 2 3 4 5
10884,1 2 3 4 5
10890,1 2 3 4 5
10891,1 2 3 4 5
10894,1 2 3 4 5
10901,1 2 3 4 5
10905,1 2 3 4 5
10912,1 2 3 4 5
10921,1 2 3 4 5
10922,1 2 3 4 5
10928,1 2 3 4 5
10949,1 2 3 4 5
10955,1 2 3 4 5
10967,1 2 3 4 5
10987,1 2 3 4 5
10989,1 2 3 4 5
10994,1 2 3 4 5
11003,1 2 3 4 5
11013,1 2 3 4 5
11015,1 2 3 4 5
11016,1 2 3 4 5
11026,1 2 3 4 5
11027,1 2 3 4 5
11034,1 2 3 4 5
11037,1 2 3 4 5
11042,1 2 3 4 5
11052,1 2 3 4 5
11056,1 2 3 4 5
11068,1 2 3 4 5
11078,1 2 3 4 5
11082,1 2 3 4 5
11089,1 2 3 4 5
11092,1 2 3 4 5
11100,1 2 3 4 5
11109,1 2 3 4 5
11127,1 2 3 4 5
11133,1 2 3 4 5
11144,1 2 3 4 5
11145,1 2 3 4 5
11151,1 2 3 4 5
11164,1 2 3 4 5
11169,1 2 3 4 5
11183,1 2 3 4 5
11186,1 2 3 4 5
11188,1 2 3 4 5
11191,1 2 3 4 5
11214,1 2 3 4 5
11227,1 2 3 4 5
11230,1 2 3 4 5
11236,1 2 3 4 5
11239,1 2 3 4 5
11249,1 2 3 4 5
11264,1 2 3 4 5
11273,1 2 3 4 5
11291,1 2 3 4 5
11302,1 2 3 4 5
11303,1 2 3 4 5
11306,1 2 3 4 5
11317,1 2 3 4 5
11321,1 2 3 4 5
11327,1 2 3 4 5
11328,1 2 3 4 5
11349,1 2 3 4 5
11352,1 2 3 4 5
11354,1 2 3 4 5
11360,1 2 3 4 5
11366,1 2 3 4 5
11369,1 2 3 4 5
11378,1 2 3 4 5
11382,1 2 3 4 5
11384,1 2 3 4 5
11388,1 2 3 4 5
11391,1 2 3 4 5
11393,1 2 3 4 5
11395,1 2 3 4 5
11397,1 2 3 4 5
11406,1 2 3 4 5
11411,1 2 3 4 5
11430,1 2 3 4 5
11438,1 2 3 4 5
11449,1 2 3 4 5
11458,1 2 3 4 5
11460,1 2 3 4 5
11479,1 2 3 4 5
11485,1 2 3 4 5
11496,1 2 3 4 5
11497,1 2 3 4 5
11507,1 2 3 4 5
11509,1 2 3 4 5
11524,1 2 3 4 5
11531,1 2 3 4 5
11539,1 2 3 4 5
11541,1 2 3 4 5
11550,1 2 3 4 5
11552,1 2 3 4 5
11562,1 2 3 4 5
11584,1 2 3 4 5
11590,1 2 3 4 5
11597,1 2 3 4 5
11599,1 2 3 4 5
11600,1 2 3 4 5
11603,1 2 3 4 5
11605,1 2 3 4 5
11610,1 2 3 4 5
11625,1 2 3 4 5
11638,1 2 3 4 5
11645,1 2 3 4 5
11647,1 2 3 4 5
11649,1 2 3 4 5
11664,1 2 3 4 5
11679,1 2 3 4 5
11689,1 2 3 4 5
11691,1 2 3 4 5
11697,1 2 3 4 5
11709,1 2 3 4 5
11727,1 2 3 4 5
11729,1 2 3 4 5
11731,1 2 3 4 5
11739,1 2 3 4 5
11741,1 2 3 4 5
11751,1 2 3 4 5
11760,1 2 3 4 5
11761,1 2 3 4 5
11769,1 2 3 4 5
11777,1 2 3 4 5
11783,1 2 3 4 5
11788,1 2 3 4 5
11791,1 2 3 4 5
11792,1 2 3 4 5
11806,1 2 3 4 5
11812,1 2 3 4 5
11816,1 2 3 4 5
11820,1 2 3 4 5
11826,1 2 3 4 5
11830,1 2 3 4 5
11845,1 2 3 4 5
11867,1 2 3 4 5
11871,1 2 3 4 5
11888,1 2 3 4 5
11894,1 2 3 4 5
11895,1 2 3 4 5
11897,1 2 3 4 5
11908,1 2 3 4 5
11919,1 2 3 4 5
11921,1 2 3 4 5
11922,1 2 3 4 5
11928,1 2 3 4 5
11930,1 2 3 4 5
11940,1 2 3 4 5
11954,1 2 3 4 5
11959,1 2 3 4 5
11960,1 2 3 4 5
11968,1 2 3 4 5
11977,1 2 3 4 5
11979,1 2 3 4 5
12000,1 2 3 4 5
12006,1 2 3 4 5
12014,1 2 3 4 5
12020,1 2 3 4 5
12023,1 2 3 4 5
12025,1 2 3 4 5
12027,1 2 3 4 5
12031,1 2 3 4 5
12032,1 2 3 4 5
12036,1 2 3 4 5
12039,1 2 3 4 5
12043,1 2 3 4 5
12046,1 2 3 4 5
12054,1 2 3 4 5
12055,1 2 3 4 5
12063,1 2 3 4 5
12068,1 2 3 4 5
12070,1 2 3 4 5
12074,1 2 3 4 5
12077,1 2 3 4 5
12078,1 2 3 4 5
12089,1 2 3 4 5
12095,1 2 3 4 5
12098,1 2 3 4 5
12107,1 2 3 4 5
12113,1 2 3 4 5
12117,1 2 3 4 5
12118,1 2 3 4 5
12127,1 2 3 4 5
12129,1 2 3 4 5
12133,1 2 3 4 5
12134,1 2 3 4 5
12140,1 2 3 4 5
12144,1 2 3 4 5
12145,1 2 3 4 5
12147,1 2 3 4 5
12148,1 2 3 4 5
12149,1 2 3 4 5
12180,1 2 3 4 5
12193,1 2 3 4 5
12218,1 2 3 4 5
12221,1 2 3 4 5
12229,1 2 3 4 5
12231,1 2 3 4 5
12242,1 2 3 4 5
12254,1 2 3 4 5
12257,1 2 3 4 5
12259,1 2 3 4 5
12266,1 2 3 4 5
12274,1 2 3 4 5
12278,1 2 3 4 5
12286,1 2 3 4 5
12288,1 2 3 4 5
12291,1 2 3 4 5
12297,1 2 3 4 5
12304,1 2 3 4 5
12310,1 2 3 4 5
12312,1 2 3 4 5
12318,1 2 3 4 5
12323,1 2 3 4 5
12325,1 2 3 4 5
12327,1 2 3 4 5
12330,1 2 3 4 5
12337,1 2 3 4 5
12339,1 2 3 4 5
12345,1 2 3 4 5
12347,1 2 3 4 5
12350,1 2 3 4 5
12364,1 2 3 4 5
12375,1 2 3 4 5
12377,1 2 3 4 5
12382,1 2 3 4 5
12384,1 2 3 4 5
12388,1 2 3 4 5
12399,1 2 3 4 5
12404,1 2 3 4 5
12409,1 2 3 4 5
12432,1 2 3 4 5
12439,1 2 3 4 5
12440,1 2 3 4 5
12467,1 2 3 4 5
12484,1 2 3 4 5
12495,1 2 3 4 5
12508,1 2 3 4 5
12519,1 2 3 4 5
12528,1 2 3 4 5
12531,1 2 3 4 5
12547,1 2 3 4 5
12553,1 2 3 4 5
12563,1 2 3 4 5
12566,1 2 3 4 5
12570,1 2 3 4 5
12579,1 2 3 4 5
12580,1 2 3 4 5
12589,1 2 3 4 5
12593,1 2 3 4 5
12605,1 2 3 4 5
12619,1 2 3 4 5
12622,1 2 3 4 5
12634,1 2 3 4 5
12643,1 2 3 4 5
12653,1 2 3 4 5
12663,1 2 3 4 5
12669,1 2 3 4 5
12681,1 2 3 4 5
12686,1 2 3 4 5
12693,1 2 3 4 5
12709,1 2 3 4 5
12715,1 2 3 4 5
12717,1 2 3 4 5
12727,1 2 3 4 5
12734,1 2 3 4 5
12736,1 2 3 4 5
12741,1 2 3 4 5
12745,1 2 3 4 5
12760,1 2 3 4 5
12769,1 2 3 4 5
12771,1 2 3 4 5
12776,1 2 3 4 5
12777,1 2 3 4 5
12787,1 2 3 4 5
12811,1 2 3 4 5
12817,1 2 3 4 5
12819,1 2 3 4 5
12824,1 2 3 4 5
12826,1 2 3 4 5
12828,1 2 3 4 5
12831,1 2 3 4 5
12832,1 2 3 4 5
12840,1 2 3 4 5
12847,1 2 3 4 5
12851,1 2 3 4 5
12861,1 2 3 4 5
12865,1 2 3 4 5
12867,1 2 3 4 5
12876,1 2 3 4 5
12877,1 2 3 4 5
12878,1 2 3 4 5
12882,1 2 3 4 5
12883,1 2 3 4 5
12884,1 2 3 4 5
12887,1 2 3 4 5
12890,1 2 3 4 5
12903,1 2 3 4 5
12904,1 2 3 4 5
12912,1 2 3 4 5
12925,1 2 3 4 5
12927,1 2 3 4 5
12930,1 2 3 4 5
12932,1 2 3 4 5
12938,1 2 3 4 5
12942,1 2 3 4 5
12947,1 2 3 4 5
12949,1 2 3 4 5
12956,1 2 3 4 5
12960,1 2 3 4 5
12980,1 2 3 4 5
12988,1 2 3 4 5
12990,1 2 3 4 5
12993,1 2 3 4 5
12995,1 2 3 4 5
13001,1 2 3 4 5
13012,1 2 3 4 5
13015,1 2 3 4 5
13016,1 2 3 4 5
13017,1 2 3 4 5
13019,1 2 3 4 5
13022,1 2 3 4 5
13036,1 2 3 4 5
13046,1 2 3 4 5
13057,1 2 3 4 5
13060,1 2 3 4 5
13064,1 2 3 4 5
13066,1 2 3 4 5
13078,1 2 3 4 5
13079,1 2 3 4 5
13083,1 2 3 4 5
13088,1 2 3 4 5
13096,1 2 3 4 5
13098,1 2 3 4 5
13101,1 2 3 4 5
13113,1 2 3 4 5
13136,1 2 3 4 5
13142,1 2 3 4 5
13146,1 2 3 4 5
13147,1 2 3 4 5
13153,1 2 3 4 5
13158,1 2 3 4 5
13186,1 2 3 4 5
13189,1 2 3 4 5
13199,1 2 3 4 5
13201,1 2 3 4 5
13205,1 2 3 4 5
13206,1 2 3 4 5
13211,1 2 3 4 5
13219,1 2 3 4 5
13230,1 2 3 4 5
13236,1 2 3 4 5
13261,1 2 3 4 5
13264,1 2 3 4 5
13272,1 2 3 4 5
13273,1 2 3 4 5
13275,1 2 3 4 5
13280,1 2 3 4 5
13297,1 2 3 4 5
13305,1 2 3 4 5
13307,1 2 3 4 5
13309,1 2 3 4 5
13310,1 2 3 4 5
13322,1 2 3 4 5
13323,1 2 3 4 5
13326,1 2 3 4 5
13338,1 2 3 4 5
13339,1 2 3 4 5
13343,1 2 3 4 5
13346,1 2 3 4 5
13350,1 2 3 4 5
13351,1 2 3 4 5
13354,1 2 3 4 5
13363,1 2 3 4 5
13376,1 2 3 4 5
13384,1 2 3 4 5
13387,1 2 3 4 5
13397,1 2 3 4 5
13405,1 2 3 4 5
13414,1 2 3 4 5
13415,1 2 3 4 5
13416,1 2 3 4 5
13417,1 2 3 4 5
13422,1 2 3 4 5
13426,1 2 3 4 5
13427,1 2 3 4 5
13429,1 2 3 4 5
13441,1 2 3 4 5
13445,1 2 3 4 5
13449,1 2 3 4 5
13460,1 2 3 4 5
13468,1 2 3 4 5
13478,1 2 3 4 5
13481,1 2 3 4 5
13486,1 2 3 4 5
13500,1 2 3 4 5
13502,1 2 3 4 5
13513,1 2 3 4 5
13521,1 2 3 4 5
13528,1 2 3 4 5
13529,1 2 3 4 5
13536,1 2 3 4 5
13560,1 2 3 4 5
13571,1 2 3 4 5
13579,1 2 3 4 5
13583,1 2 3 4 5
13585,1 2 3 4 5
13590,1 2 3 4 5
13595,1 2 3 4 5
13617,1 2 3 4 5
13623,1 2 3 4 5
13630,1 2 3 4 5
13633,1 2 3 4 5
13636,1 2 3 4 5
13638,1 2 3 4 5
13643,1 2 3 4 5
13651,1 2 3 4 5
13656,1 2 3 4 5
13657,1 2 3 4 5
13662,1 2 3 4 5
13667,1 2 3 4 5
13680,1 2 3 4 5
13687,1 2 3 4 5
13693,1 2 3 4 5
13695,1 2 3 4 5
13718,1 2 3 4 5
13727,1 2 3 4 5
13732,1 2 3 4 5
13752,1 2 3 4 5
13759,1 2 3 4 5
13777,1 2 3 4 5
13793,1 2 3 4 5
13794,1 2 3 4 5
13796,1 2 3 4 5
13799,1 2 3 4 5
13811,1 2 3 4 5
13813,1 2 3 4 5
13828,1 2 3 4 5
13831,1 2 3 4 5
13842,1 2 3 4 5
13849,1 2 3 4 5
13850,1 2 3 4 5
13852,1 2 3 4 5
13859,1 2 3 4 5
13874,1 2 3 4 5
13877,1 2 3 4 5
13880,1 2 3 4 5
13890,1 2 3 4 5
13900,1 2 3 4 5
13904,1 2 3 4 5
13918,1 2 3 4 5
13919,1 2 3 4 5
13921,1 2 3 4 5
13927,1 2 3 4 5
13935,1 2 3 4 5
13937,1 2 3 4 5
13952,1 2 3 4 5
13957,1 2 3 4 5
13967,1 2 3 4 5
13969,1 2 3 4 5
13971,1 2 3 4 5
13975,1 2 3 4 5
13997,1 2 3 4 5
14010,1 2 3 4 5
14012,1 2 3 4 5
14016,1 2 3 4 5
14018,1 2 3 4 5
14019,1 2 3 4 5
14020,1 2 3 4 5
14035,1 2 3 4 5
14040,1 2 3 4 5
14046,1 2 3 4 5
14054,1 2 3 4 5
14059,1 2 3 4 5
14070,1 2 3 4 5
14072,1 2 3 4 5
14084,1 2 3 4 5
14086,1 2 3 4 5
14087,1 2 3 4 5
14091,1 2 3 4 5
14112,1 2 3 4 5
14119,1 2 3 4 5
14129,1 2 3 4 5
14138,1 2 3 4 5
14146,1 2 3 4 5
14150,1 2 3 4 5
14152,1 2 3 4 5
14166,1 2 3 4 5
14176,1 2 3 4 5
14183,1 2 3 4 5
14194,1 2 3 4 5
14216,1 2 3 4 5
14222,1 2 3 4 5
14236,1 2 3 4 5
14238,1 2 3 4 5
14239,1 2 3 4 5
14241,1 2 3 4 5
14243,1 2 3 4 5
14255,1 2 3 4 5
14256,1 2 3 4 5
14267,1 2 3 4 5
14286,1 2 3 4 5
14289,1 2 3 4 5
14291,1 2 3 4 5
14298,1 2 3 4 5
14313,1 2 3 4 5
14317,1 2 3 4 5
14325,1 2 3 4 5
14327,1 2 3 4 5
14329,1 2 3 4 5
14330,1 2 3 4 5
14332,1 2 3 4 5
14334,1 2 3 4 5
14337,1 2 3 4 5
14348,1 2 3 4 5
14358,1 2 3 4 5
14363,1 2 3 4 5
14370,1 2 3 4 5
14371,1 2 3 4 5
14376,1 2 3 4 5
14378,1 2 3 4 5
14379,1 2 3 4 5
14381,1 2 3 4 5
14392,1 2 3 4 5
14394,1 2 3 4 5
14400,1 2 3 4 5
14403,1 2 3 4 5
14404,1 2 3 4 5
14409,1 2 3 4 5
14437,1 2 3 4 5
14453,1 2 3 4 5
14465,1 2 3 4 5
14474,1 2 3 4 5
14489,1 2 3 4 5
14495,1 2 3 4 5
14496,1 2 3 4 5
14497,1 2 3 4 5
14510,1 2 3 4 5
14511,1 2 3 4 5
14525,1 2 3 4 5
14526,1 2 3 4 5
14532,1 2 3 4 5
14539,1 2 3 4 5
14546,1 2 3 4 5
14563,1 2 3 4 5
14571,1 2 3 4 5
14575,1 2 3 4 5
14584,1 2 3 4 5
14593,1 2 3 4 5
14601,1 2 3 4 5
14623,1 2 3 4 5
14644,1 2 3 4 5
14646,1 2 3 4 5
14648,1 2 3 4 5
14649,1 2 3 4 5
14663,1 2 3 4 5
14679,1 2 3 4 5
14689,1 2 3 4 5
14690,1 2 3 4 5
14695,1 2 3 4 5
14707,1 2 3 4 5
14708,1 2 3 4 5
14711,1 2 3 4 5
14727,1 2 3 4 5
14732,1 2 3 4 5
14736,1 2 3 4 5
14745,1 2 3 4 5
14754,1 2 3 4 5
14762,1 2 3 4 5
14765,1 2 3 4 5
14766,1 2 3 4 5
14778,1 2 3 4 5
14790,1 2 3 4 5
14801,1 2 3 4 5
14813,1 2 3 4 5
14820,1 2 3 4 5
14827,1 2 3 4 5
14842,1 2 3 4 5
14847,1 2 3 4 5
14851,1 2 3 4 5
14865,1 2 3 4 5
14875,1 2 3 4 5
14879,1 2 3 4 5
14886,1 2 3 4 5
14887,1 2 3 4 5
14897,1 2 3 4 5
14903,1 2 3 4 5
14904,1 2 3 4 5
14906,1 2 3 4 5
14916,1 2 3 4 5
14925,1 2 3 4 5
14927,1 2 3 4 5
14932,1 2 3 4 5
14934,1 2 3 4 5
14940,1 2 3 4 5
14948,1 2 3 4 5
14959,1 2 3 4 5
14976,1 2 3 4 5
14985,1 2 3 4 5
14992,1 2 3 4 5
14996,1 2 3 4 5
15000,1 2 3 4 5
15001,1 2 3 4 5
15002,1 2 3 4 5
15011,1 2 3 4 5
15013,1 2 3 4 5
15017,1 2 3 4 5
15022,1 2 3 4 5
15034,1 2 3 4 5
15047,1 2 3 4 5
15048,1 2 3 4 5
15051,1 2 3 4 5
15056,1 2 3 4 5
15058,1 2 3 4 5
15073,1 2 3 4 5
15081,1 2 3 4 5
15082,1 2 3 4 5
15090,1 2 3 4 5
15094,1 2 3 4 5
15111,1 2 3 4 5
15114,1 2 3 4 5
15116,1 2 3 4 5
15117,1 2 3 4 5
15118,1 2 3 4 5
15123,1 2 3 4 5
15139,1 2 3 4 5
15141,1 2 3 4 5
15147,1 2 3 4 5
15160,1 2 3 4 5
15165,1 2 3 4 5
15187,1 2 3 4 5
15201,1 2 3 4 5
15207,1 2 3 4 5
15208,1 2 3 4 5
15211,1 2 3 4 5
15220,1 2 3 4 5
15234,1 2 3 4 5
15237,1 2 3 4 5
15238,1 2 3 4 5
15244,1 2 3 4 5
15283,1 2 3 4 5
15290,1 2 3 4 5
15295,1 2 3 4 5
15307,1 2 3 4 5
15317,1 2 3 4 5
15320,1 2 3 4 5
15327,1 2 3 4 5
15343,1 2 3 4 5
15345,1 2 3 4 5
15347,1 2 3 4 5
15360,1 2 3 4 5
15363,1 2 3 4 5
15364,1 2 3 4 5
15396,1 2 3 4 5
15398,1 2 3 4 5
15446,1 2 3 4 5
15447,1 2 3 4 5
15449,1 2 3 4 5
15454,1 2 3 4 5
15462,1 2 3 4 5
15467,1 2 3 4 5
15470,1 2 3 4 5
15474,1 2 3 4 5
15479,1 2 3 4 5
15490,1 2 3 4 5
15512,1 2 3 4 5
15515,1 2 3 4 5
15517,1 2 3 4 5
15528,1 2 3 4 5
15534,1 2 3 4 5
15536,1 2 3 4 5
15552,1 2 3 4 5
15558,1 2 3 4 5
15564,1 2 3 4 5
15574,1 2 3 4 5
15578,1 2 3 4 5
15582,1 2 3 4 5
15585,1 2 3 4 5
15588,1 2 3 4 5
15590,1 2 3 4 5
15591,1 2 3 4 5
15593,1 2 3 4 5
15594,1 2 3 4 5
15598,1 2 3 4 5
15608,1 2 3 4 5
15615,1 2 3 4 5
15630,1 2 3 4 5
15640,1 2 3 4 5
15661,1 2 3 4 5
15662,1 2 3 4 5
15665,1 2 3 4 5
15679,1 2 3 4 5
15685,1 2 3 4 5
15690,1 2 3 4 5
15706,1 2 3 4 5
15709,1 2 3 4 5
15715,1 2 3 4 5
15721,1 2 3 4 5
15724,1 2 3 4 5
15726,1 2 3 4 5
15734,1 2 3 4 5
15742,1 2 3 4 5
15747,1 2 3 4 5
15763,1 2 3 4 5
15766,1 2 3 4 5
15786,1 2 3 4 5
15787,1 2 3 4 5
15795,1 2 3 4 5
15799,1 2 3 4 5
15801,1 2 3 4 5
15802,1 2 3 4 5
15823,1 2 3 4 5
15826,1 2 3 4 5
15830,1 2 3 4 5
15836,1 2 3 4 5
15848,1 2 3 4 5
15854,1 2 3 4 5
15856,1 2 3 4 5
15857,1 2 3 4 5
15865,1 2 3 4 5
15868,1 2 3 4 5
15891,1 2 3 4 5
15898,1 2 3 4 5
15907,1 2 3 4 5
15909,1 2 3 4 5
15923,1 2 3 4 5
15926,1 2 3 4 5
15955,1 2 3 4 5
15964,1 2 3 4 5
15968,1 2 3 4 5
15983,1 2 3 4 5
16001,1 2 3 4 5
16005,1 2 3 4 5
16013,1 2 3 4 5
16032,1 2 3 4 5
16036,1 2 3 4 5
16047,1 2 3 4 5
16057,1 2 3 4 5
16070,1 2 3 4 5
16078,1 2 3 4 5
16094,1 2 3 4 5
16102,1 2 3 4 5
16107,1 2 3 4 5
16114,1 2 3 4 5
16117,1 2 3 4 5
16123,1 2 3 4 5
16127,1 2 3 4 5
16133,1 2 3 4 5
16134,1 2 3 4 5
16136,1 2 3 4 5
16142,1 2 3 4 5
16153,1 2 3 4 5
16154,1 2 3 4 5
16158,1 2 3 4 5
16159,1 2 3 4 5
16163,1 2 3 4 5
16170,1 2 3 4 5
16171,1 2 3 4 5
16206,1 2 3 4 5
16214,1 2 3 4 5
16227,1 2 3 4 5
16229,1 2 3 4 5
16235,1 2 3 4 5
16237,1 2 3 4 5
16250,1 2 3 4 5
16252,1 2 3 4 5
16254,1 2 3 4 5
16257,1 2 3 4 5
16265,1 2 3 4 5
16287,1 2 3 4 5
16304,1 2 3 4 5
16307,1 2 3 4 5
16315,1 2 3 4 5
16329,1 2 3 4 5
16330,1 2 3 4 5
16332,1 2 3 4 5
16336,1 2 3 4 5
16340,1 2 3 4 5
16343,1 2 3 4 5
16347,1 2 3 4 5
16351,1 2 3 4 5
16370,1 2 3 4 5
16376,1 2 3 4 5
16378,1 2 3 4 5
16384,1 2 3 4 5
16385,1 2 3 4 5
16386,1 2 3 4 5
16390,1 2 3 4 5
16392,1 2 3 4 5
16393,1 2 3 4 5
16397,1 2 3 4 5
16431,1 2 3 4 5
16442,1 2 3 4 5
16443,1 2 3 4 5
16448,1 2 3 4 5
16450,1 2 3 4 5
16460,1 2 3 4 5
16465,1 2 3 4 5
16474,1 2 3 4 5
16477,1 2 3 4 5
16480,1 2 3 4 5
16481,1 2 3 4 5
16482,1 2 3 4 5
16491,1 2 3 4 5
16505,1 2 3 4 5
16511,1 2 3 4 5
16515,1 2 3 4 5
16519,1 2 3 4 5
16535,1 2 3 4 5
16538,1 2 3 4 5
16548,1 2 3 4 5
16559,1 2 3 4 5
16565,1 2 3 4 5
16566,1 2 3 4 5
16580,1 2 3 4 5
16581,1 2 3 4 5
16593,1 2 3 4 5
16597,1 2 3 4 5
16599,1 2 3 4 5
16602,1 2 3 4 5
16605,1 2 3 4 5
16615,1 2 3 4 5
16617,1 2 3 4 5
16621,1 2 3 4 5
16624,1 2 3 4 5
16625,1 2 3 4 5
16633,1 2 3 4 5
16640,1 2 3 4 5
16642,1 2 3 4 5
16643,1 2 3 4 5
16645,1 2 3 4 5
16649,1 2 3 4 5
16659,1 2 3 4 5
16660,1 2 3 4 5
16693,1 2 3 4 5
16702,1 2 3 4 5
16709,1 2 3 4 5
16712,1 2 3 4 5
16713,1 2 3 4 5
16715,1 2 3 4 5
16722,1 2 3 4 5
16724,1 2 3 4 5
16738,1 2 3 4 5
16740,1 2 3 4 5
16748,1 2 3 4 5
16757,1 2 3 4 5
16760,1 2 3 4 5
16761,1 2 3 4 5
16766,1 2 3 4 5
16772,1 2 3 4 5
16792,1 2 3 4 5
16793,1 2 3 4 5
16797,1 2 3 4 5
16800,1 2 3 4 5
16808,1 2 3 4 5
16811,1 2 3 4 5
16822,1 2 3 4 5
16838,1 2 3 4 5
16846,1 2 3 4 5
16854,1 2 3 4 5
16865,1 2 3 4 5
16867,1 2 3 4 5
16894,1 2 3 4 5
16901,1 2 3 4 5
16903,1 2 3 4 5
16912,1 2 3 4 5
16918,1 2 3 4 5
16919,1 2 3 4 5
16921,1 2 3 4 5
16936,1 2 3 4 5
16937,1 2 3 4 5
16945,1 2 3 4 5
16946,1 2 3 4 5
16949,1 2 3 4 5
16958,1 2 3 4 5
16963,1 2 3 4 5
16975,1 2 3 4 5
16985,1 2 3 4 5
16991,1 2 3 4 5
16995,1 2 3 4 5
17012,1 2 3 4 5
17019,1 2 3 4 5
17021,1 2 3 4 5
17028,1 2 3 4 5
17030,1 2 3 4 5
17041,1 2 3 4 5
17043,1 2 3 4 5
17046,1 2 3 4 5
17059,1 2 3 4 5
17073,1 2 3 4 5
17075,1 2 3 4 5
17077,1 2 3 4 5
17091,1 2 3 4 5
17104,1 2 3 4 5
17110,1 2 3 4 5
17116,1 2 3 4 5
17118,1 2 3 4 5
17121,1 2 3 4 5
17127,1 2 3 4 5
17132,1 2 3 4 5
17135,1 2 3 4 5
17141,1 2 3 4 5
17142,1 2 3 4 5
17143,1 2 3 4 5
17163,1 2 3 4 5
17171,1 2 3 4 5
17183,1 2 3 4 5
17184,1 2 3 4 5
17196,1 2 3 4 5
17198,1 2 3 4 5
17204,1 2 3 4 5
17212,1 2 3 4 5
17213,1 2 3 4 5
17214,1 2 3 4 5
17216,1 2 3 4 5
17220,1 2 3 4 5
17221,1 2 3 4 5
17234,1 2 3 4 5
17235,1 2 3 4 5
17237,1 2 3 4 5
17241,1 2 3 4 5
17248,1 2 3 4 5
17268,1 2 3 4 5
17269,1 2 3 4 5
17271,1 2 3 4 5
17273,1 2 3 4 5
17274,1 2 3 4 5
17281,1 2 3 4 5
17285,1 2 3 4 5
17293,1 2 3 4 5
17304,1 2 3 4 5
17312,1 2 3 4 5
17318,1 2 3 4 5
17320,1 2 3 4 5
17321,1 2 3 4 5
17322,1 2 3 4 5
17327,1 2 3 4 5
17334,1 2 3 4 5
17338,1 2 3 4 5
17344,1 2 3 4 5
17364,1 2 3 4 5
17368,1 2 3 4 5
17374,1 2 3 4 5
17377,1 2 3 4 5
17380,1 2 3 4 5
17381,1 2 3 4 5
17382,1 2 3 4 5
17384,1 2 3 4 5
17392,1 2 3 4 5
17395,1 2 3 4 5
17402,1 2 3 4 5
17416,1 2 3 4 5
17420,1 2 3 4 5
17421,1 2 3 4 5
17424,1 2 3 4 5
17430,1 2 3 4 5
17434,1 2 3 4 5
17442,1 2 3 4 5
17449,1 2 3 4 5
17454,1 2 3 4 5
17456,1 2 3 4 5
17458,1 2 3 4 5
17460,1 2 3 4 5
17466,1 2 3 4 5
17471,1 2 3 4 5
17476,1 2 3 4 5
17501,1 2 3 4 5
17520,1 2 3 4 5
17529,1 2 3 4 5
17530,1 2 3 4 5
17531,1 2 3 4 5
17540,1 2 3 4 5
17541,1 2 3 4 5
17548,1 2 3 4 5
17551,1 2 3 4 5
17553,1 2 3 4 5
17555,1 2 3 4 5
17576,1 2 3 4 5
17583,1 2 3 4 5
17587,1 2 3 4 5
17596,1 2 3 4 5
17604,1 2 3 4 5
17607,1 2 3 4 5
17613,1 2 3 4 5
17619,1 2 3 4 5
17626,1 2 3 4 5
17629,1 2 3 4 5
17636,1 2 3 4 5
17643,1 2 3 4 5
17648,1 2 3 4 5
17652,1 2 3 4 5
17654,1 2 3 4 5
17656,1 2 3 4 5
17669,1 2 3 4 5
17676,1 2 3 4 5
17677,1 2 3 4 5
17678,1 2 3 4 5
17703,1 2 3 4 5
17720,1 2 3 4 5
17730,1 2 3 4 5
17740,1 2 3 4 5
17745,1 2 3 4 5
17748,1 2 3 4 5
17749,1 2 3 4 5
17757,1 2 3 4 5
17762,1 2 3 4 5
17766,1 2 3 4 5
17773,1 2 3 4 5
17781,1 2 3 4 5
17783,1 2 3 4 5
17788,1 2 3 4 5
17806,1 2 3 4 5
17809,1 2 3 4 5
17818,1 2 3 4 5
17826,1 2 3 4 5
17827,1 2 3 4 5
17840,1 2 3 4 5
17851,1 2 3 4 5
17867,1 2 3 4 5
17878,1 2 3 4 5
17887,1 2 3 4 5
17893,1 2 3 4 5
17894,1 2 3 4 5
17895,1 2 3 4 5
17899,1 2 3 4 5
17908,1 2 3 4 5
17916,1 2 3 4 5
17922,1 2 3 4 5
17928,1 2 3 4 5
17932,1 2 3 4 5
17954,1 2 3 4 5
17958,1 2 3 4 5
17961,1 2 3 4 5
17962,1 2 3 4 5
17977,1 2 3 4 5
17982,1 2 3 4 5
17992,1 2 3 4 5
17998,1 2 3 4 5
18002,1 2 3 4 5
18018,1 2 3 4 5
18023,1 2 3 4 5
18043,1 2 3 4 5
18051,1 2 3 4 5
18053,1 2 3 4 5
18072,1 2 3 4 5
18078,1 2 3 4 5
18081,1 2 3 4 5
18093,1 2 3 4 5
18096,1 2 3 4 5
18102,1 2 3 4 5
18103,1 2 3 4 5
18123,1 2 3 4 5
18133,1 2 3 4 5
18140,1 2 3 4 5
18141,1 2 3 4 5
18150,1 2 3 4 5
18159,1 2 3 4 5
18164,1 2 3 4 5
18185,1 2 3 4 5
18190,1 2 3 4 5
18206,1 2 3 4 5
18217,1 2 3 4 5
18223,1 2 3 4 5
18229,1 2 3 4 5
18237,1 2 3 4 5
18241,1 2 3 4 5
18265,1 2 3 4 5
18273,1 2 3 4 5
18274,1 2 3 4 5
18289,1 2 3 4 5
18293,1 2 3 4 5
18301,1 2 3 4 5
18330,1 2 3 4 5
18340,1 2 3 4 5
18348,1 2 3 4 5
18349,1 2 3 4 5
18351,1 2 3 4 5
18356,1 2 3 4 5
18366,1 2 3 4 5
18368,1 2 3 4 5
18398,1 2 3 4 5
18402,1 2 3 4 5
18408,1 2 3 4 5
18437,1 2 3 4 5
18440,1 2 3 4 5
18452,1 2 3 4 5
18454,1 2 3 4 5
18458,1 2 3 4 5
18470,1 2 3 4 5
18475,1 2 3 4 5
18490,1 2 3 4 5
18491,1 2 3 4 5
18492,1 2 3 4 5
18493,1 2 3 4 5
18498,1 2 3 4 5
18518,1 2 3 4 5
18519,1 2 3 4 5
18523,1 2 3 4 5
18528,1 2 3 4 5
18549,1 2 3 4 5
18552,1 2 3 4 5
18556,1 2 3 4 5
18562,1 2 3 4 5
18564,1 2 3 4 5
18575,1 2 3 4 5
18581,1 2 3 4 5
18598,1 2 3 4 5
18605,1 2 3 4 5
18609,1 2 3 4 5
18612,1 2 3 4 5
18622,1 2 3 4 5
18627,1 2 3 4 5
18630,1 2 3 4 5
18646,1 2 3 4 5
18653,1 2 3 4 5
18654,1 2 3 4 5
18675,1 2 3 4 5
18689,1 2 3 4 5
18698,1 2 3 4 5
18703,1 2 3 4 5
18726,1 2 3 4 5
18728,1 2 3 4 5
18733,1 2 3 4 5
18734,1 2 3 4 5
18737,1 2 3 4 5
18741,1 2 3 4 5
18745,1 2 3 4 5
18746,1 2 3 4 5
18750,1 2 3 4 5
18753,1 2 3 4 5
18755,1 2 3 4 5
18757,1 2 3 4 5
18758,1 2 3 4 5
18763,1 2 3 4 5
18772,1 2 3 4 5
18775,1 2 3 4 5
18788,1 2 3 4 5
18789,1 2 3 4 5
18794,1 2 3 4 5
18823,1 2 3 4 5
18829,1 2 3 4 5
18839,1 2 3 4 5
18861,1 2 3 4 5
18863,1 2 3 4 5
18869,1 2 3 4 5
18877,1 2 3 4 5
18878,1 2 3 4 5
18882,1 2 3 4 5
18888,1 2 3 4 5
18899,1 2 3 4 5
18904,1 2 3 4 5
18907,1 2 3 4 5
18911,1 2 3 4 5
18916,1 2 3 4 5
18919,1 2 3 4 5
18923,1 2 3 4 5
18928,1 2 3 4 5
18943,1 2 3 4 5
18950,1 2 3 4 5
18965,1 2 3 4 5
18968,1 2 3 4 5
18974,1 2 3 4 5
18988,1 2 3 4 5
18992,1 2 3 4 5
19005,1 2 3 4 5
19006,1 2 3 4 5
19020,1 2 3 4 5
19024,1 2 3 4 5
19031,1 2 3 4 5
19032,1 2 3 4 5
19038,1 2 3 4 5
19050,1 2 3 4 5
19061,1 2 3 4 5
19066,1 2 3 4 5
19070,1 2 3 4 5
19076,1 2 3 4 5
19077,1 2 3 4 5
19080,1 2 3 4 5
19081,1 2 3 4 5
19090,1 2 3 4 5
19095,1 2 3 4 5
19097,1 2 3 4 5
19121,1 2 3 4 5
19124,1 2 3 4 5
19130,1 2 3 4 5
19141,1 2 3 4 5
19143,1 2 3 4 5
19156,1 2 3 4 5
19157,1 2 3 4 5
19161,1 2 3 4 5
19172,1 2 3 4 5
19173,1 2 3 4 5
19193,1 2 3 4 5
19197,1 2 3 4 5
19205,1 2 3 4 5
19208,1 2 3 4 5
19221,1 2 3 4 5
19224,1 2 3 4 5
19228,1 2 3 4 5
19229,1 2 3 4 5
19246,1 2 3 4 5
19254,1 2 3 4 5
19263,1 2 3 4 5
19274,1 2 3 4 5
19277,1 2 3 4 5
19283,1 2 3 4 5
19285,1 2 3 4 5
19291,1 2 3 4 5
19297,1 2 3 4 5
19301,1 2 3 4 5
19312,1 2 3 4 5
19335,1 2 3 4 5
19343,1 2 3 4 5
19344,1 2 3 4 5
19345,1 2 3 4 5
19365,1 2 3 4 5
19376,1 2 3 4 5
19383,1 2 3 4 5
19399,1 2 3 4 5
19411,1 2 3 4 5
19412,1 2 3 4 5
19419,1 2 3 4 5
19424,1 2 3 4 5
19431,1 2 3 4 5
19432,1 2 3 4 5
19435,1 2 3 4 5
19439,1 2 3 4 5
19442,1 2 3 4 5
19444,1 2 3 4 5
19446,1 2 3 4 5
19466,1 2 3 4 5
19490,1 2 3 4 5
19497,1 2 3 4 5
19510,1 2 3 4 5
19511,1 2 3 4 5
19534,1 2 3 4 5
19539,1 2 3 4 5
19540,1 2 3 4 5
19541,1 2 3 4 5
19564,1 2 3 4 5
19599,1 2 3 4 5
19612,1 2 3 4 5
19625,1 2 3 4 5
19627,1 2 3 4 5
19629,1 2 3 4 5
19640,1 2 3 4 5
19643,1 2 3 4 5
19645,1 2 3 4 5
19652,1 2 3 4 5
19670,1 2 3 4 5
19680,1 2 3 4 5
19684,1 2 3 4 5
19695,1 2 3 4 5
19697,1 2 3 4 5
19702,1 2 3 4 5
19704,1 2 3 4 5
19711,1 2 3 4 5
19713,1 2 3 4 5
19717,1 2 3 4 5
19719,1 2 3 4 5
19734,1 2 3 4 5
19740,1 2 3 4 5
19741,1 2 3 4 5
19743,1 2 3 4 5
19749,1 2 3 4 5
19767,1 2 3 4 5
19769,1 2 3 4 5
19772,1 2 3 4 5
19773,1 2 3 4 5
19774,1 2 3 4 5
19777,1 2 3 4 5
19780,1 2 3 4 5
19781,1 2 3 4 5
19782,1 2 3 4 5
19783,1 2 3 4 5
19786,1 2 3 4 5
19787,1 2 3 4 5
19788,1 2 3 4 5
19789,1 2 3 4 5
19798,1 2 3 4 5
19801,1 2 3 4 5
19811,1 2 3 4 5
19814,1 2 3 4 5
19824,1 2 3 4 5
19825,1 2 3 4 5
19838,1 2 3 4 5
19848,1 2 3 4 5
19856,1 2 3 4 5
19858,1 2 3 4 5
19867,1 2 3 4 5
19868,1 2 3 4 5
19876,1 2 3 4 5
19883,1 2 3 4 5
19890,1 2 3 4 5
19897,1 2 3 4 5
19920,1 2 3 4 5
19926,1 2 3 4 5
19934,1 2 3 4 5
19945,1 2 3 4 5
19954,1 2 3 4 5
19955,1 2 3 4 5
19963,1 2 3 4 5
19970,1 2 3 4 5
19978,1 2 3 4 5
19979,1 2 3 4 5
19980,1 2 3 4 5
19984,1 2 3 4 5
19987,1 2 3 4 5
19995,1 2 3 4 5
19996,1 2 3 4 5
19999,1 2 3 4 5
20000,1 2 3 4 5
20010,1 2 3 4 5
20016,1 2 3 4 5
20019,1 2 3 4 5
20028,1 2 3 4 5
20033,1 2 3 4 5
20040,1 2 3 4 5
20046,1 2 3 4 5
20049,1 2 3 4 5
20056,1 2 3 4 5
20063,1 2 3 4 5
20067,1 2 3 4 5
20068,1 2 3 4 5
20073,1 2 3 4 5
20075,1 2 3 4 5
20106,1 2 3 4 5
20117,1 2 3 4 5
20118,1 2 3 4 5
20129,1 2 3 4 5
20130,1 2 3 4 5
20148,1 2 3 4 5
20159,1 2 3 4 5
20161,1 2 3 4 5
20167,1 2 3 4 5
20177,1 2 3 4 5
20197,1 2 3 4 5
20198,1 2 3 4 5
20204,1 2 3 4 5
20209,1 2 3 4 5
20214,1 2 3 4 5
20215,1 2 3 4 5
20223,1 2 3 4 5
20231,1 2 3 4 5
20237,1 2 3 4 5
20238,1 2 3 4 5
20257,1 2 3 4 5
20259,1 2 3 4 5
20262,1 2 3 4 5
20271,1 2 3 4 5
20272,1 2 3 4 5
20273,1 2 3 4 5
20283,1 2 3 4 5
20290,1 2 3 4 5
20297,1 2 3 4 5
20313,1 2 3 4 5
20316,1 2 3 4 5
20324,1 2 3 4 5
20329,1 2 3 4 5
20334,1 2 3 4 5
20338,1 2 3 4 5
20340,1 2 3 4 5
20344,1 2 3 4 5
20345,1 2 3 4 5
20354,1 2 3 4 5
20362,1 2 3 4 5
20372,1 2 3 4 5
20373,1 2 3 4 5
20376,1 2 3 4 5
20377,1 2 3 4 5
20380,1 2 3 4 5
20397,1 2 3 4 5
20399,1 2 3 4 5
20402,1 2 3 4 5
20403,1 2 3 4 5
20406,1 2 3 4 5
20410,1 2 3 4 5
20411,1 2 3 4 5
20414,1 2 3 4 5
20421,1 2 3 4 5
20427,1 2 3 4 5
20428,1 2 3 4 5
20442,1 2 3 4 5
20445,1 2 3 4 5
20449,1 2 3 4 5
20455,1 2 3 4 5
20470,1 2 3 4 5
20478,1 2 3 4 5
20487,1 2 3 4 5
20488,1 2 3 4 5
20489,1 2 3 4 5
20502,1 2 3 4 5
20503,1 2 3 4 5
20505,1 2 3 4 5
20506,1 2 3 4 5
20510,1 2 3 4 5
20515,1 2 3 4 5
20517,1 2 3 4 5
20523,1 2 3 4 5
20528,1 2 3 4 5
20538,1 2 3 4 5
20540,1 2 3 4 5
20542,1 2 3 4 5
20544,1 2 3 4 5
20555,1 2 3 4 5
20569,1 2 3 4 5
20581,1 2 3 4 5
20594,1 2 3 4 5
20601,1 2 3 4 5
20609,1 2 3 4 5
20614,1 2 3 4 5
20626,1 2 3 4 5
20627,1 2 3 4 5
20628,1 2 3 4 5
20632,1 2 3 4 5
20636,1 2 3 4 5
20637,1 2 3 4 5
20638,1 2 3 4 5
20644,1 2 3 4 5
20648,1 2 3 4 5
20655,1 2 3 4 5
20661,1 2 3 4 5
20670,1 2 3 4 5
20675,1 2 3 4 5
20690,1 2 3 4 5
20702,1 2 3 4 5
20703,1 2 3 4 5
20705,1 2 3 4 5
20725,1 2 3 4 5
20745,1 2 3 4 5
20746,1 2 3 4 5
20748,1 2 3 4 5
20756,1 2 3 4 5
20757,1 2 3 4 5
20764,1 2 3 4 5
20765,1 2 3 4 5
20774,1 2 3 4 5
20777,1 2 3 4 5
20790,1 2 3 4 5
20798,1 2 3 4 5
20801,1 2 3 4 5
20806,1 2 3 4 5
20818,1 2 3 4 5
20819,1 2 3 4 5
20826,1 2 3 4 5
20827,1 2 3 4 5
20831,1 2 3 4 5
20842,1 2 3 4 5
20845,1 2 3 4 5
20846,1 2 3 4 5
20851,1 2 3 4 5
20853,1 2 3 4 5
20863,1 2 3 4 5
20864,1 2 3 4 5
20869,1 2 3 4 5
20874,1 2 3 4 5
20877,1 2 3 4 5
20878,1 2 3 4 5
20889,1 2 3 4 5
20890,1 2 3 4 5
20892,1 2 3 4 5
20898,1 2 3 4 5
20901,1 2 3 4 5
20904,1 2 3 4 5
20913,1 2 3 4 5
20924,1 2 3 4 5
20927,1 2 3 4 5
20930,1 2 3 4 5
20948,1 2 3 4 5
20962,1 2 3 4 5
20965,1 2 3 4 5
20969,1 2 3 4 5
20970,1 2 3 4 5
20974,1 2 3 4 5
20977,1 2 3 4 5
20978,1 2 3 4 5
20983,1 2 3 4 5
20986,1 2 3 4 5
20996,1 2 3 4 5
20999,1 2 3 4 5
21005,1 2 3 4 5
21012,1 2 3 4 5
21018,1 2 3 4 5
21023,1 2 3 4 5
21024,1 2 3 4 5
21046,1 2 3 4 5
21059,1 2 3 4 5
21067,1 2 3 4 5
21068,1 2 3 4 5
21079,1 2 3 4 5
21082,1 2 3 4 5
21085,1 2 3 4 5
21095,1 2 3 4 5
21105,1 2 3 4 5
21108,1 2 3 4 5
21113,1 2 3 4 5
21119,1 2 3 4 5
21121,1 2 3 4 5
21122,1 2 3 4 5
21123,1 2 3 4 5
21133,1 2 3 4 5
21134,1 2 3 4 5
21137,1 2 3 4 5
21139,1 2 3 4 5
21140,1 2 3 4 5
21143,1 2 3 4 5
21146,1 2 3 4 5
21152,1 2 3 4 5
21155,1 2 3 4 5
21171,1 2 3 4 5
21194,1 2 3 4 5
21199,1 2 3 4 5
21202,1 2 3 4 5
21206,1 2 3 4 5
21207,1 2 3 4 5
21224,1 2 3 4 5
21227,1 2 3 4 5
21228,1 2 3 4 5
21232,1 2 3 4 5
21233,1 2 3 4 5
21244,1 2 3 4 5
21245,1 2 3 4 5
21248,1 2 3 4 5
21251,1 2 3 4 5
21269,1 2 3 4 5
21280,1 2 3 4 5
21282,1 2 3 4 5
21285,1 2 3 4 5
21291,1 2 3 4 5
21296,1 2 3 4 5
21297,1 2 3 4 5
21309,1 2 3 4 5
21315,1 2 3 4 5
21318,1 2 3 4 5
21321,1 2 3 4 5
21323,1 2 3 4 5
21342,1 2 3 4 5
21346,1 2 3 4 5
21358,1 2 3 4 5
21366,1 2 3 4 5
21387,1 2 3 4 5
21395,1 2 3 4 5
21406,1 2 3 4 5
21407,1 2 3 4 5
21410,1 2 3 4 5
21420,1 2 3 4 5
21421,1 2 3 4 5
21422,1 2 3 4 5
21423,1 2 3 4 5
21425,1 2 3 4 5
21437,1 2 3 4 5
21447,1 2 3 4 5
21449,1 2 3 4 5
21450,1 2 3 4 5
21451,1 2 3 4 5
21455,1 2 3 4 5
21463,1 2 3 4 5
21475,1 2 3 4 5
21484,1 2 3 4 5
21486,1 2 3 4 5
21490,1 2 3 4 5
21522,1 2 3 4 5
21526,1 2 3 4 5
21531,1 2 3 4 5
21536,1 2 3 4 5
21538,1 2 3 4 5
21548,1 2 3 4 5
21551,1 2 3 4 5
21553,1 2 3 4 5
21556,1 2 3 4 5
21562,1 2 3 4 5
21568,1 2 3 4 5
21578,1 2 3 4 5
21582,1 2 3 4 5
21584,1 2 3 4 5
21587,1 2 3 4 5
21592,1 2 3 4 5
21593,1 2 3 4 5
21607,1 2 3 4 5
21609,1 2 3 4 5
21611,1 2 3 4 5
21616,1 2 3 4 5
21620,1 2 3 4 5
21621,1 2 3 4 5
21637,1 2 3 4 5
21645,1 2 3 4 5
21675,1 2 3 4 5
21679,1 2 3 4 5
21682,1 2 3 4 5
21689,1 2 3 4 5
21709,1 2 3 4 5
21716,1 2 3 4 5
21718,1 2 3 4 5
21740,1 2 3 4 5
21749,1 2 3 4 5
21753,1 2 3 4 5
21758,1 2 3 4 5
21760,1 2 3 4 5
21762,1 2 3 4 5
21766,1 2 3 4 5
21767,1 2 3 4 5
21771,1 2 3 4 5
21773,1 2 3 4 5
21778,1 2 3 4 5
21792,1 2 3 4 5
21793,1 2 3 4 5
21801,1 2 3 4 5
21809,1 2 3 4 5
21812,1 2 3 4 5
21817,1 2 3 4 5
21820,1 2 3 4 5
21821,1 2 3 4 5
21823,1 2 3 4 5
21826,1 2 3 4 5
21832,1 2 3 4 5
21833,1 2 3 4 5
21837,1 2 3 4 5
21839,1 2 3 4 5
21842,1 2 3 4 5
21846,1 2 3 4 5
21847,1 2 3 4 5
21852,1 2 3 4 5
21854,1 2 3 4 5
21864,1 2 3 4 5
21869,1 2 3 4 5
21875,1 2 3 4 5
21876,1 2 3 4 5
21888,1 2 3 4 5
21899,1 2 3 4 5
21915,1 2 3 4 5
21926,1 2 3 4 5
21927,1 2 3 4 5
21936,1 2 3 4 5
21940,1 2 3 4 5
21960,1 2 3 4 5
21973,1 2 3 4 5
21976,1 2 3 4 5
21977,1 2 3 4 5
21985,1 2 3 4 5
21987,1 2 3 4 5
21988,1 2 3 4 5
21991,1 2 3 4 5
21994,1 2 3 4 5
22014,1 2 3 4 5
22023,1 2 3 4 5
22030,1 2 3 4 5
22049,1 2 3 4 5
22051,1 2 3 4 5
22079,1 2 3 4 5
22086,1 2 3 4 5
22089,1 2 3 4 5
22090,1 2 3 4 5
22097,1 2 3 4 5
22102,1 2 3 4 5
22103,1 2 3 4 5
22106,1 2 3 4 5
22109,1 2 3 4 5
22124,1 2 3 4 5
22126,1 2 3 4 5
22132,1 2 3 4 5
22140,1 2 3 4 5
22159,1 2 3 4 5
22165,1 2 3 4 5
22170,1 2 3 4 5
22173,1 2 3 4 5
22174,1 2 3 4 5
22185,1 2 3 4 5
22186,1 2 3 4 5
22189,1 2 3 4 5
22198,1 2 3 4 5
22206,1 2 3 4 5
22207,1 2 3 4 5
22213,1 2 3 4 5
22228,1 2 3 4 5
22230,1 2 3 4 5
22241,1 2 3 4 5
22247,1 2 3 4 5
22251,1 2 3 4 5
22262,1 2 3 4 5
22266,1 2 3 4 5
22270,1 2 3 4 5
22275,1 2 3 4 5
22280,1 2 3 4 5
22281,1 2 3 4 5
22283,1 2 3 4 5
22299,1 2 3 4 5
22300,1 2 3 4 5
22301,1 2 3 4 5
22308,1 2 3 4 5
22309,1 2 3 4 5
22322,1 2 3 4 5
22324,1 2 3 4 5
22327,1 2 3 4 5
22328,1 2 3 4 5
22338,1 2 3 4 5
22347,1 2 3 4 5
22351,1 2 3 4 5
22358,1 2 3 4 5
22362,1 2 3 4 5
22364,1 2 3 4 5
22367,1 2 3 4 5
22374,1 2 3 4 5
22379,1 2 3 4 5
22384,1 2 3 4 5
22387,1 2 3 4 5
22393,1 2 3 4 5
22397,1 2 3 4 5
22398,1 2 3 4 5
22402,1 2 3 4 5
22403,1 2 3 4 5
22407,1 2 3 4 5
22415,1 2 3 4 5
22418,1 2 3 4 5
22420,1 2 3 4 5
22439,1 2 3 4 5
22454,1 2 3 4 5
22455,1 2 3 4 5
22467,1 2 3 4 5
22472,1 2 3 4 5
22494,1 2 3 4 5
22498,1 2 3 4 5
22505,1 2 3 4 5
22508,1 2 3 4 5
22513,1 2 3 4 5
22517,1 2 3 4 5
22529,1 2 3 4 5
22531,1 2 3 4 5
22599,1 2 3 4 5
22600,1 2 3 4 5
22603,1 2 3 4 5
22619,1 2 3 4 5
22630,1 2 3 4 5
22634,1 2 3 4 5
22637,1 2 3 4 5
22638,1 2 3 4 5
22646,1 2 3 4 5
22648,1 2 3 4 5
22658,1 2 3 4 5
22661,1 2 3 4 5
22664,1 2 3 4 5
22670,1 2 3 4 5
22672,1 2 3 4 5
22682,1 2 3 4 5
22687,1 2 3 4 5
22699,1 2 3 4 5
22700,1 2 3 4 5
22712,1 2 3 4 5
22719,1 2 3 4 5
22721,1 2 3 4 5
22725,1 2 3 4 5
22733,1 2 3 4 5
22741,1 2 3 4 5
22744,1 2 3 4 5
22746,1 2 3 4 5
22769,1 2 3 4 5
22773,1 2 3 4 5
22784,1 2 3 4 5
22786,1 2 3 4 5
22797,1 2 3 4 5
22802,1 2 3 4 5
22807,1 2 3 4 5
22816,1 2 3 4 5
22824,1 2 3 4 5
22831,1 2 3 4 5
22833,1 2 3 4 5
22838,1 2 3 4 5
22843,1 2 3 4 5
22847,1 2 3 4 5
22849,1 2 3 4 5
22850,1 2 3 4 5
22856,1 2 3 4 5
22860,1 2 3 4 5
22864,1 2 3 4 5
22865,1 2 3 4 5
22873,1 2 3 4 5
22895,1 2 3 4 5
22898,1 2 3 4 5
22901,1 2 3 4 5
22911,1 2 3 4 5
22924,1 2 3 4 5
22935,1 2 3 4 5
22937,1 2 3 4 5
22945,1 2 3 4 5
22954,1 2 3 4 5
22966,1 2 3 4 5
22970,1 2 3 4 5
22998,1 2 3 4 5
23000,1 2 3 4 5
23024,1 2 3 4 5
23037,1 2 3 4 5
23050,1 2 3 4 5
23057,1 2 3 4 5
23059,1 2 3 4 5
23060,1 2 3 4 5
23064,1 2 3 4 5
23077,1 2 3 4 5
23078,1 2 3 4 5
23090,1 2 3 4 5
23097,1 2 3 4 5
23100,1 2 3 4 5
23103,1 2 3 4 5
23114,1 2 3 4 5
23120,1 2 3 4 5
23128,1 2 3 4 5
23134,1 2 3 4 5
23151,1 2 3 4 5
23152,1 2 3 4 5
23154,1 2 3 4 5
23155,1 2 3 4 5
23157,1 2 3 4 5
23162,1 2 3 4 5
23187,1 2 3 4 5
23188,1 2 3 4 5
23203,1 2 3 4 5
23206,1 2 3 4 5
23210,1 2 3 4 5
23214,1 2 3 4 5
23221,1 2 3 4 5
23224,1 2 3 4 5
23240,1 2 3 4 5
23242,1 2 3 4 5
23248,1 2 3 4 5
23252,1 2 3 4 5
23258,1 2 3 4 5
23263,1 2 3 4 5
23274,1 2 3 4 5
23277,1 2 3 4 5
23278,1 2 3 4 5
23282,1 2 3 4 5
23287,1 2 3 4 5
23288,1 2 3 4 5
23294,1 2 3 4 5
23312,1 2 3 4 5
23316,1 2 3 4 5
23334,1 2 3 4 5
23338,1 2 3 4 5
23344,1 2 3 4 5
23358,1 2 3 4 5
23367,1 2 3 4 5
23371,1 2 3 4 5
23372,1 2 3 4 5
23373,1 2 3 4 5
23379,1 2 3 4 5
23383,1 2 3 4 5
23394,1 2 3 4 5
23400,1 2 3 4 5
23402,1 2 3 4 5
23406,1 2 3 4 5
23409,1 2 3 4 5
23416,1 2 3 4 5
23432,1 2 3 4 5
23435,1 2 3 4 5
23441,1 2 3 4 5
23446,1 2 3 4 5
23447,1 2 3 4 5
23456,1 2 3 4 5
23461,1 2 3 4 5
23471,1 2 3 4 5
23476,1 2 3 4 5
23480,1 2 3 4 5
23481,1 2 3 4 5
23484,1 2 3 4 5
23492,1 2 3 4 5
23498,1 2 3 4 5
23499,1 2 3 4 5
23506,1 2 3 4 5
23517,1 2 3 4 5
23530,1 2 3 4 5
23531,1 2 3 4 5
23535,1 2 3 4 5
23536,1 2 3 4 5
23538,1 2 3 4 5
23557,1 2 3 4 5
23559,1 2 3 4 5
23571,1 2 3 4 5
23572,1 2 3 4 5
23574,1 2 3 4 5
23578,1 2 3 4 5
23590,1 2 3 4 5
23622,1 2 3 4 5
23627,1 2 3 4 5
23630,1 2 3 4 5
23632,1 2 3 4 5
23633,1 2 3 4 5
23643,1 2 3 4 5
23644,1 2 3 4 5
23653,1 2 3 4 5
23659,1 2 3 4 5
23663,1 2 3 4 5
23667,1 2 3 4 5
23678,1 2 3 4 5
23691,1 2 3 4 5
23694,1 2 3 4 5
23699,1 2 3 4 5
23700,1 2 3 4 5
23704,1 2 3 4 5
23705,1 2 3 4 5
23709,1 2 3 4 5
23722,1 2 3 4 5
23724,1 2 3 4 5
23725,1 2 3 4 5
23739,1 2 3 4 5
23742,1 2 3 4 5
23743,1 2 3 4 5
23754,1 2 3 4 5
23757,1 2 3 4 5
23790,1 2 3 4 5
23796,1 2 3 4 5
23804,1 2 3 4 5
23821,1 2 3 4 5
23837,1 2 3 4 5
23838,1 2 3 4 5
23850,1 2 3 4 5
23851,1 2 3 4 5
23855,1 2 3 4 5
23861,1 2 3 4 5
23864,1 2 3 4 5
23891,1 2 3 4 5
23902,1 2 3 4 5
23917,1 2 3 4 5
23918,1 2 3 4 5
23938,1 2 3 4 5
23939,1 2 3 4 5
23940,1 2 3 4 5
23949,1 2 3 4 5
23967,1 2 3 4 5
23972,1 2 3 4 5
23973,1 2 3 4 5
23977,1 2 3 4 5
24007,1 2 3 4 5
24014,1 2 3 4 5
24024,1 2 3 4 5
24036,1 2 3 4 5
24062,1 2 3 4 5
24063,1 2 3 4 5
24065,1 2 3 4 5
24069,1 2 3 4 5
24084,1 2 3 4 5
24100,1 2 3 4 5
24105,1 2 3 4 5
24109,1 2 3 4 5
24131,1 2 3 4 5
24133,1 2 3 4 5
24134,1 2 3 4 5
24137,1 2 3 4 5
24150,1 2 3 4 5
24152,1 2 3 4 5
24166,1 2 3 4 5
24176,1 2 3 4 5
24188,1 2 3 4 5
24190,1 2 3 4 5
24197,1 2 3 4 5
24207,1 2 3 4 5
24210,1 2 3 4 5
24212,1 2 3 4 5
24213,1 2 3 4 5
24217,1 2 3 4 5
24218,1 2 3 4 5
24230,1 2 3 4 5
24234,1 2 3 4 5
24240,1 2 3 4 5
24260,1 2 3 4 5
24261,1 2 3 4 5
24263,1 2 3 4 5
24266,1 2 3 4 5
24271,1 2 3 4 5
24274,1 2 3 4 5
24288,1 2 3 4 5
24293,1 2 3 4 5
24298,1 2 3 4 5
24300,1 2 3 4 5
24301,1 2 3 4 5
24322,1 2 3 4 5
24325,1 2 3 4 5
24329,1 2 3 4 5
24330,1 2 3 4 5
24332,1 2 3 4 5
24336,1 2 3 4 5
24338,1 2 3 4 5
24343,1 2 3 4 5
24347,1 2 3 4 5
24352,1 2 3 4 5
24374,1 2 3 4 5
24387,1 2 3 4 5
24391,1 2 3 4 5
24419,1 2 3 4 5
24426,1 2 3 4 5
24427,1 2 3 4 5
24429,1 2 3 4 5
24430,1 2 3 4 5
24433,1 2 3 4 5
24434,1 2 3 4 5
24437,1 2 3 4 5
24438,1 2 3 4 5
24439,1 2 3 4 5
24441,1 2 3 4 5
24444,1 2 3 4 5
24454,1 2 3 4 5
24456,1 2 3 4 5
24457,1 2 3 4 5
24471,1 2 3 4 5
24478,1 2 3 4 5
24479,1 2 3 4 5
24484,1 2 3 4 5
24493,1 2 3 4 5
24509,1 2 3 4 5
24512,1 2 3 4 5
24516,1 2 3 4 5
24520,1 2 3 4 5
24522,1 2 3 4 5
24527,1 2 3 4 5
24540,1 2 3 4 5
24549,1 2 3 4 5
24554,1 2 3 4 5
24559,1 2 3 4 5
24562,1 2 3 4 5
24577,1 2 3 4 5
24586,1 2 3 4 5
24587,1 2 3 4 5
24591,1 2 3 4 5
24599,1 2 3 4 5
24601,1 2 3 4 5
24604,1 2 3 4 5
24610,1 2 3 4 5
24619,1 2 3 4 5
24630,1 2 3 4 5
24634,1 2 3 4 5
24642,1 2 3 4 5
24644,1 2 3 4 5
24647,1 2 3 4 5
24649,1 2 3 4 5
24655,1 2 3 4 5
24661,1 2 3 4 5
24668,1 2 3 4 5
24676,1 2 3 4 5
24681,1 2 3 4 5
24700,1 2 3 4 5
24701,1 2 3 4 5
24703,1 2 3 4 5
24711,1 2 3 4 5
24728,1 2 3 4 5
24732,1 2 3 4 5
24737,1 2 3 4 5
24746,1 2 3 4 5
24753,1 2 3 4 5
24754,1 2 3 4 5
24756,1 2 3 4 5
24764,1 2 3 4 5
24779,1 2 3 4 5
24780,1 2 3 4 5
24783,1 2 3 4 5
24789,1 2 3 4 5
24807,1 2 3 4 5
24809,1 2 3 4 5
24815,1 2 3 4 5
24818,1 2 3 4 5
24822,1 2 3 4 5
24839,1 2 3 4 5
24852,1 2 3 4 5
24881,1 2 3 4 5
24884,1 2 3 4 5
24885,1 2 3 4 5
24890,1 2 3 4 5
24899,1 2 3 4 5
24910,1 2 3 4 5
24920,1 2 3 4 5
24932,1 2 3 4 5
24938,1 2 3 4 5
24944,1 2 3 4 5
24946,1 2 3 4 5
24949,1 2 3 4 5
24950,1 2 3 4 5
24959,1 2 3 4 5
24966,1 2 3 4 5
24968,1 2 3 4 5
24982,1 2 3 4 5
24984,1 2 3 4 5
24998,1 2 3 4 5
25002,1 2 3 4 5
25006,1 2 3 4 5
25015,1 2 3 4 5
25019,1 2 3 4 5
25020,1 2 3 4 5
25024,1 2 3 4 5
25033,1 2 3 4 5
25043,1 2 3 4 5
25044,1 2 3 4 5
25056,1 2 3 4 5
25064,1 2 3 4 5
25090,1 2 3 4 5
25093,1 2 3 4 5
25096,1 2 3 4 5
25098,1 2 3 4 5
25119,1 2 3 4 5
25123,1 2 3 4 5
25135,1 2 3 4 5
25144,1 2 3 4 5
25165,1 2 3 4 5
25182,1 2 3 4 5
25184,1 2 3 4 5
25189,1 2 3 4 5
25191,1 2 3 4 5
25192,1 2 3 4 5
25205,1 2 3 4 5
25206,1 2 3 4 5
25226,1 2 3 4 5
25254,1 2 3 4 5
25266,1 2 3 4 5
25267,1 2 3 4 5
25268,1 2 3 4 5
25270,1 2 3 4 5
25271,1 2 3 4 5
25276,1 2 3 4 5
25279,1 2 3 4 5
25280,1 2 3 4 5
25281,1 2 3 4 5
25282,1 2 3 4 5
25283,1 2 3 4 5
25285,1 2 3 4 5
25298,1 2 3 4 5
25307,1 2 3 4 5
25317,1 2 3 4 5
25345,1 2 3 4 5
25350,1 2 3 4 5
25351,1 2 3 4 5
25356,1 2 3 4 5
25359,1 2 3 4 5
25362,1 2 3 4 5
25370,1 2 3 4 5
25373,1 2 3 4 5
25375,1 2 3 4 5
25383,1 2 3 4 5
25386,1 2 3 4 5
25387,1 2 3 4 5
25405,1 2 3 4 5
25410,1 2 3 4 5
25414,1 2 3 4 5
25416,1 2 3 4 5
25420,1 2 3 4 5
25423,1 2 3 4 5
25446,1 2 3 4 5
25453,1 2 3 4 5
25455,1 2 3 4 5
25468,1 2 3 4 5
25474,1 2 3 4 5
25484,1 2 3 4 5
25489,1 2 3 4 5
25494,1 2 3 4 5
25516,1 2 3 4 5
25536,1 2 3 4 5
25547,1 2 3 4 5
25548,1 2 3 4 5
25552,1 2 3 4 5
25554,1 2 3 4 5
25556,1 2 3 4 5
25561,1 2 3 4 5
25565,1 2 3 4 5
25571,1 2 3 4 5
25573,1 2 3 4 5
25595,1 2 3 4 5
25602,1 2 3 4 5
25614,1 2 3 4 5
25618,1 2 3 4 5
25624,1 2 3 4 5
25631,1 2 3 4 5
25634,1 2 3 4 5
25651,1 2 3 4 5
25655,1 2 3 4 5
25663,1 2 3 4 5
25665,1 2 3 4 5
25667,1 2 3 4 5
25668,1 2 3 4 5
25670,1 2 3 4 5
25673,1 2 3 4 5
25676,1 2 3 4 5
25679,1 2 3 4 5
25684,1 2 3 4 5
25685,1 2 3 4 5
25687,1 2 3 4 5
25688,1 2 3 4 5
25691,1 2 3 4 5
25694,1 2 3 4 5
25701,1 2 3 4 5
25711,1 2 3 4 5
25712,1 2 3 4 5
25736,1 2 3 4 5
25744,1 2 3 4 5
25751,1 2 3 4 5
25754,1 2 3 4 5
25766,1 2 3 4 5
25774,1 2 3 4 5
25778,1 2 3 4 5
25784,1 2 3 4 5
25787,1 2 3 4 5
25790,1 2 3 4 5
25795,1 2 3 4 5
25797,1 2 3 4 5
25798,1 2 3 4 5
25812,1 2 3 4 5
25813,1 2 3 4 5
25821,1 2 3 4 5
25823,1 2 3 4 5
25824,1 2 3 4 5
25826,1 2 3 4 5
25831,1 2 3 4 5
25840,1 2 3 4 5
25858,1 2 3 4 5
25861,1 2 3 4 5
25872,1 2 3 4 5
25875,1 2 3 4 5
25879,1 2 3 4 5
25884,1 2 3 4 5
25893,1 2 3 4 5
25895,1 2 3 4 5
25901,1 2 3 4 5
25903,1 2 3 4 5
25910,1 2 3 4 5
25912,1 2 3 4 5
25916,1 2 3 4 5
25925,1 2 3 4 5
25927,1 2 3 4 5
25934,1 2 3 4 5
25945,1 2 3 4 5
25954,1 2 3 4 5
25961,1 2 3 4 5
25968,1 2 3 4 5
25970,1 2 3 4 5
25987,1 2 3 4 5
26000,1 2 3 4 5
26003,1 2 3 4 5
26009,1 2 3 4 5
26013,1 2 3 4 5
26022,1 2 3 4 5
26024,1 2 3 4 5
26027,1 2 3 4 5
26032,1 2 3 4 5
26035,1 2 3 4 5
26038,1 2 3 4 5
26041,1 2 3 4 5
26053,1 2 3 4 5
26061,1 2 3 4 5
26065,1 2 3 4 5
26072,1 2 3 4 5
26089,1 2 3 4 5
26094,1 2 3 4 5
26097,1 2 3 4 5
26100,1 2 3 4 5
26119,1 2 3 4 5
26125,1 2 3 4 5
26134,1 2 3 4 5
26136,1 2 3 4 5
26152,1 2 3 4 5
26153,1 2 3 4 5
26154,1 2 3 4 5
26158,1 2 3 4 5
26167,1 2 3 4 5
26170,1 2 3 4 5
26173,1 2 3 4 5
26180,1 2 3 4 5
26184,1 2 3 4 5
26186,1 2 3 4 5
26190,1 2 3 4 5
26194,1 2 3 4 5
26214,1 2 3 4 5
26216,1 2 3 4 5
26218,1 2 3 4 5
26221,1 2 3 4 5
26232,1 2 3 4 5
26249,1 2 3 4 5
26262,1 2 3 4 5
26275,1 2 3 4 5
26281,1 2 3 4 5
26287,1 2 3 4 5
26295,1 2 3 4 5
26298,1 2 3 4 5
26310,1 2 3 4 5
26317,1 2 3 4 5
26334,1 2 3 4 5
26335,1 2 3 4 5
26344,1 2 3 4 5
26363,1 2 3 4 5
26378,1 2 3 4 5
26383,1 2 3 4 5
26401,1 2 3 4 5
26406,1 2 3 4 5
26412,1 2 3 4 5
26413,1 2 3 4 5
26417,1 2 3 4 5
26424,1 2 3 4 5
26425,1 2 3 4 5
26430,1 2 3 4 5
26437,1 2 3 4 5
26438,1 2 3 4 5
26448,1 2 3 4 5
26455,1 2 3 4 5
26461,1 2 3 4 5
26488,1 2 3 4 5
26499,1 2 3 4 5
26501,1 2 3 4 5
26504,1 2 3 4 5
26508,1 2 3 4 5
26527,1 2 3 4 5
26549,1 2 3 4 5
26552,1 2 3 4 5
26555,1 2 3 4 5
26557,1 2 3 4 5
26580,1 2 3 4 5
26585,1 2 3 4 5
26591,1 2 3 4 5
26608,1 2 3 4 5
26614,1 2 3 4 5
26618,1 2 3 4 5
26623,1 2 3 4 5
26627,1 2 3 4 5
26634,1 2 3 4 5
26636,1 2 3 4 5
26646,1 2 3 4 5
26650,1 2 3 4 5
26654,1 2 3 4 5
26664,1 2 3 4 5
26665,1 2 3 4 5
26667,1 2 3 4 5
26678,1 2 3 4 5
26683,1 2 3 4 5
26691,1 2 3 4 5
26698,1 2 3 4 5
26709,1 2 3 4 5
26720,1 2 3 4 5
26735,1 2 3 4 5
26747,1 2 3 4 5
26751,1 2 3 4 5
26754,1 2 3 4 5
26757,1 2 3 4 5
26759,1 2 3 4 5
26760,1 2 3 4 5
26762,1 2 3 4 5
26765,1 2 3 4 5
26777,1 2 3 4 5
26789,1 2 3 4 5
26798,1 2 3 4 5
26804,1 2 3 4 5
26818,1 2 3 4 5
26819,1 2 3 4 5
26823,1 2 3 4 5
26825,1 2 3 4 5
26836,1 2 3 4 5
26856,1 2 3 4 5
26857,1 2 3 4 5
26863,1 2 3 4 5
26866,1 2 3 4 5
26867,1 2 3 4 5
26872,1 2 3 4 5
26882,1 2 3 4 5
26897,1 2 3 4 5
26901,1 2 3 4 5
26913,1 2 3 4 5
26919,1 2 3 4 5
26928,1 2 3 4 5
26937,1 2 3 4 5
26962,1 2 3 4 5
26966,1 2 3 4 5
26968,1 2 3 4 5
26980,1 2 3 4 5
26984,1 2 3 4 5
26990,1 2 3 4 5
26994,1 2 3 4 5
26995,1 2 3 4 5
26998,1 2 3 4 5
27004,1 2 3 4 5
27010,1 2 3 4 5
27015,1 2 3 4 5
27027,1 2 3 4 5
27032,1 2 3 4 5
27034,1 2 3 4 5
27037,1 2 3 4 5
27038,1 2 3 4 5
27069,1 2 3 4 5
27075,1 2 3 4 5
27078,1 2 3 4 5
27105,1 2 3 4 5
27108,1 2 3 4 5
27109,1 2 3 4 5
27122,1 2 3 4 5
27123,1 2 3 4 5
27129,1 2 3 4 5
27137,1 2 3 4 5
27143,1 2 3 4 5
27150,1 2 3 4 5
27151,1 2 3 4 5
27152,1 2 3 4 5
27162,1 2 3 4 5
27163,1 2 3 4 5
27169,1 2 3 4 5
27183,1 2 3 4 5
27191,1 2 3 4 5
27224,1 2 3 4 5
27235,1 2 3 4 5
27243,1 2 3 4 5
27253,1 2 3 4 5
27258,1 2 3 4 5
27273,1 2 3 4 5
27293,1 2 3 4 5
27310,1 2 3 4 5
27314,1 2 3 4 5
27319,1 2 3 4 5
27340,1 2 3 4 5
27354,1 2 3 4 5
27357,1 2 3 4 5
27362,1 2 3 4 5
27374,1 2 3 4 5
27378,1 2 3 4 5
27379,1 2 3 4 5
27383,1 2 3 4 5
27388,1 2 3 4 5
27393,1 2 3 4 5
27400,1 2 3 4 5
27408,1 2 3 4 5
27427,1 2 3 4 5
27429,1 2 3 4 5
27430,1 2 3 4 5
27443,1 2 3 4 5
27456,1 2 3 4 5
27467,1 2 3 4 5
27468,1 2 3 4 5
27479,1 2 3 4 5
27489,1 2 3 4 5
27502,1 2 3 4 5
27509,1 2 3 4 5
27515,1 2 3 4 5
27520,1 2 3 4 5
27521,1 2 3 4 5
27525,1 2 3 4 5
27527,1 2 3 4 5
27529,1 2 3 4 5
27535,1 2 3 4 5
27545,1 2 3 4 5
27560,1 2 3 4 5
27573,1 2 3 4 5
27576,1 2 3 4 5
27577,1 2 3 4 5
27580,1 2 3 4 5
27582,1 2 3 4 5
27584,1 2 3 4 5
27587,1 2 3 4 5
27589,1 2 3 4 5
27591,1 2 3 4 5
27594,1 2 3 4 5
27595,1 2 3 4 5
27616,1 2 3 4 5
27620,1 2 3 4 5
27632,1 2 3 4 5
27633,1 2 3 4 5
27635,1 2 3 4 5
27643,1 2 3 4 5
27663,1 2 3 4 5
27664,1 2 3 4 5
27665,1 2 3 4 5
27669,1 2 3 4 5
27671,1 2 3 4 5
27684,1 2 3 4 5
27685,1 2 3 4 5
27688,1 2 3 4 5
27694,1 2 3 4 5
27698,1 2 3 4 5
27719,1 2 3 4 5
27721,1 2 3 4 5
27722,1 2 3 4 5
27726,1 2 3 4 5
27730,1 2 3 4 5
27733,1 2 3 4 5
27739,1 2 3 4 5
27746,1 2 3 4 5
27752,1 2 3 4 5
27757,1 2 3 4 5
27759,1 2 3 4 5
27768,1 2 3 4 5
27772,1 2 3 4 5
27779,1 2 3 4 5
27786,1 2 3 4 5
27801,1 2 3 4 5
27808,1 2 3 4 5
27824,1 2 3 4 5
27829,1 2 3 4 5
27830,1 2 3 4 5
27840,1 2 3 4 5
27854,1 2 3 4 5
27860,1 2 3 4 5
27869,1 2 3 4 5
27886,1 2 3 4 5
27887,1 2 3 4 5
27900,1 2 3 4 5
27908,1 2 3 4 5
27913,1 2 3 4 5
27923,1 2 3 4 5
27926,1 2 3 4 5
27927,1 2 3 4 5
27928,1 2 3 4 5
27930,1 2 3 4 5
27935,1 2 3 4 5
27949,1 2 3 4 5
27957,1 2 3 4 5
27967,1 2 3 4 5
27969,1 2 3 4 5
27970,1 2 3 4 5
27981,1 2 3 4 5
27982,1 2 3 4 5
27992,1 2 3 4 5
28002,1 2 3 4 5
28007,1 2 3 4 5
28009,1 2 3 4 5
28014,1 2 3 4 5
28021,1 2 3 4 5
28026,1 2 3 4 5
28039,1 2 3 4 5
28040,1 2 3 4 5
28043,1 2 3 4 5
28066,1 2 3 4 5
28068,1 2 3 4 5
28069,1 2 3 4 5
28074,1 2 3 4 5
28082,1 2 3 4 5
28090,1 2 3 4 5
28098,1 2 3 4 5
28109,1 2 3 4 5
28110,1 2 3 4 5
28123,1 2 3 4 5
28134,1 2 3 4 5
28138,1 2 3 4 5
28142,1 2 3 4 5
28147,1 2 3 4 5
28153,1 2 3 4 5
28154,1 2 3 4 5
28160,1 2 3 4 5
28177,1 2 3 4 5
28180,1 2 3 4 5
28183,1 2 3 4 5
28186,1 2 3 4 5
28195,1 2 3 4 5
28221,1 2 3 4 5
28223,1 2 3 4 5
28230,1 2 3 4 5
28233,1 2 3 4 5
28236,1 2 3 4 5
28237,1 2 3 4 5
28238,1 2 3 4 5
28239,1 2 3 4 5
28244,1 2 3 4 5
28246,1 2 3 4 5
28254,1 2 3 4 5
28258,1 2 3 4 5
28267,1 2 3 4 5
28287,1 2 3 4 5
28289,1 2 3 4 5
28303,1 2 3 4 5
28315,1 2 3 4 5
28322,1 2 3 4 5
28326,1 2 3 4 5
28327,1 2 3 4 5
28329,1 2 3 4 5
28331,1 2 3 4 5
28337,1 2 3 4 5
28339,1 2 3 4 5
28345,1 2 3 4 5
28347,1 2 3 4 5
28348,1 2 3 4 5
28354,1 2 3 4 5
28363,1 2 3 4 5
28365,1 2 3 4 5
28374,1 2 3 4 5
28379,1 2 3 4 5
28401,1 2 3 4 5
28405,1 2 3 4 5
28421,1 2 3 4 5
28423,1 2 3 4 5
28424,1 2 3 4 5
28435,1 2 3 4 5
28445,1 2 3 4 5
28457,1 2 3 4 5
28459,1 2 3 4 5
28471,1 2 3 4 5
28498,1 2 3 4 5
28499,1 2 3 4 5
28501,1 2 3 4 5
28523,1 2 3 4 5
28525,1 2 3 4 5
28526,1 2 3 4 5
28527,1 2 3 4 5
28536,1 2 3 4 5
28544,1 2 3 4 5
28545,1 2 3 4 5
28549,1 2 3 4 5
28551,1 2 3 4 5
28558,1 2 3 4 5
28566,1 2 3 4 5
28567,1 2 3 4 5
28570,1 2 3 4 5
28573,1 2 3 4 5
28574,1 2 3 4 5
28599,1 2 3 4 5
28606,1 2 3 4 5
28629,1 2 3 4 5
28631,1 2 3 4 5
28633,1 2 3 4 5
28644,1 2 3 4 5
28647,1 2 3 4 5
28657,1 2 3 4 5
28704,1 2 3 4 5
28705,1 2 3 4 5
28707,1 2 3 4 5
28714,1 2 3 4 5
28719,1 2 3 4 5
28725,1 2 3 4 5
28747,1 2 3 4 5
28751,1 2 3 4 5
28753,1 2 3 4 5
28764,1 2 3 4 5
28776,1 2 3 4 5
28777,1 2 3 4 5
28779,1 2 3 4 5
28784,1 2 3 4 5
28790,1 2 3 4 5
28797,1 2 3 4 5
28800,1 2 3 4 5
28806,1 2 3 4 5
28808,1 2 3 4 5
28811,1 2 3 4 5
28812,1 2 3 4 5
28815,1 2 3 4 5
28823,1 2 3 4 5
28825,1 2 3 4 5
28833,1 2 3 4 5
28835,1 2 3 4 5
28868,1 2 3 4 5
28871,1 2 3 4 5
28890,1 2 3 4 5
28893,1 2 3 4 5
28925,1 2 3 4 5
28932,1 2 3 4 5
28947,1 2 3 4 5
28951,1 2 3 4 5
28953,1 2 3 4 5
28954,1 2 3 4 5
28957,1 2 3 4 5
28962,1 2 3 4 5
28977,1 2 3 4 5
28978,1 2 3 4 5
28981,1 2 3 4 5
28982,1 2 3 4 5
28987,1 2 3 4 5
29005,1 2 3 4 5
29006,1 2 3 4 5
29010,1 2 3 4 5
29026,1 2 3 4 5
29030,1 2 3 4 5
29037,1 2 3 4 5
29040,1 2 3 4 5
29052,1 2 3 4 5
29058,1 2 3 4 5
29066,1 2 3 4 5
29068,1 2 3 4 5
29069,1 2 3 4 5
29070,1 2 3 4 5
29080,1 2 3 4 5
29099,1 2 3 4 5
29111,1 2 3 4 5
29116,1 2 3 4 5
29119,1 2 3 4 5
29122,1 2 3 4 5
29126,1 2 3 4 5
29132,1 2 3 4 5
29133,1 2 3 4 5
29138,1 2 3 4 5
29144,1 2 3 4 5
29146,1 2 3 4 5
29147,1 2 3 4 5
29155,1 2 3 4 5
29157,1 2 3 4 5
29161,1 2 3 4 5
29162,1 2 3 4 5
29164,1 2 3 4 5
29165,1 2 3 4 5
29177,1 2 3 4 5
29187,1 2 3 4 5
29190,1 2 3 4 5
29196,1 2 3 4 5
29211,1 2 3 4 5
29216,1 2 3 4 5
29217,1 2 3 4 5
29223,1 2 3 4 5
29224,1 2 3 4 5
29226,1 2 3 4 5
29240,1 2 3 4 5
29250,1 2 3 4 5
29259,1 2 3 4 5
29264,1 2 3 4 5
29275,1 2 3 4 5
29276,1 2 3 4 5
29277,1 2 3 4 5
29281,1 2 3 4 5
29282,1 2 3 4 5
29283,1 2 3 4 5
29291,1 2 3 4 5
29295,1 2 3 4 5
29305,1 2 3 4 5
29307,1 2 3 4 5
29311,1 2 3 4 5
29317,1 2 3 4 5
29325,1 2 3 4 5
29328,1 2 3 4 5
29330,1 2 3 4 5
29339,1 2 3 4 5
29342,1 2 3 4 5
29344,1 2 3 4 5
29351,1 2 3 4 5
29360,1 2 3 4 5
29366,1 2 3 4 5
29374,1 2 3 4 5
29376,1 2 3 4 5
29381,1 2 3 4 5
29382,1 2 3 4 5
29401,1 2 3 4 5
29407,1 2 3 4 5
29410,1 2 3 4 5
29430,1 2 3 4 5
29431,1 2 3 4 5
29433,1 2 3 4 5
29438,1 2 3 4 5
29447,1 2 3 4 5
29454,1 2 3 4 5
29455,1 2 3 4 5
29456,1 2 3 4 5
29467,1 2 3 4 5
29483,1 2 3 4 5
29492,1 2 3 4 5
29497,1 2 3 4 5
29498,1 2 3 4 5
29510,1 2 3 4 5
29532,1 2 3 4 5
29536,1 2 3 4 5
29543,1 2 3 4 5
29556,1 2 3 4 5
29557,1 2 3 4 5
29575,1 2 3 4 5
29587,1 2 3 4 5
29591,1 2 3 4 5
29594,1 2 3 4 5
29597,1 2 3 4 5
29599,1 2 3 4 5
29605,1 2 3 4 5
29612,1 2 3 4 5
29620,1 2 3 4 5
29622,1 2 3 4 5
29625,1 2 3 4 5
29630,1 2 3 4 5
29637,1 2 3 4 5
29662,1 2 3 4 5
29674,1 2 3 4 5
29675,1 2 3 4 5
29678,1 2 3 4 5
29683,1 2 3 4 5
29687,1 2 3 4 5
29692,1 2 3 4 5
29696,1 2 3 4 5
29700,1 2 3 4 5
29709,1 2 3 4 5
29720,1 2 3 4 5
29724,1 2 3 4 5
29729,1 2 3 4 5
29733,1 2 3 4 5
29742,1 2 3 4 5
29749,1 2 3 4 5
29754,1 2 3 4 5
29760,1 2 3 4 5
29764,1 2 3 4 5
29768,1 2 3 4 5
29780,1 2 3 4 5
29813,1 2 3 4 5
29817,1 2 3 4 5
29825,1 2 3 4 5
29827,1 2 3 4 5
29828,1 2 3 4 5
29835,1 2 3 4 5
29850,1 2 3 4 5
29855,1 2 3 4 5
29860,1 2 3 4 5
29864,1 2 3 4 5
29868,1 2 3 4 5
29877,1 2 3 4 5
29880,1 2 3 4 5
29881,1 2 3 4 5
29885,1 2 3 4 5
29889,1 2 3 4 5
29891,1 2 3 4 5
29894,1 2 3 4 5
29896,1 2 3 4 5
29909,1 2 3 4 5
29912,1 2 3 4 5
29914,1 2 3 4 5
29918,1 2 3 4 5
29919,1 2 3 4 5
29937,1 2 3 4 5
29938,1 2 3 4 5
29948,1 2 3 4 5
29951,1 2 3 4 5
29957,1 2 3 4 5
29974,1 2 3 4 5
29976,1 2 3 4 5
29989,1 2 3 4 5
29993,1 2 3 4 5
29996,1 2 3 4 5
29999,1 2 3 4 5
30004,1 2 3 4 5
30028,1 2 3 4 5
30032,1 2 3 4 5
30043,1 2 3 4 5
30057,1 2 3 4 5
30068,1 2 3 4 5
30080,1 2 3 4 5
30084,1 2 3 4 5
30086,1 2 3 4 5
30102,1 2 3 4 5
30103,1 2 3 4 5
30123,1 2 3 4 5
30133,1 2 3 4 5
30142,1 2 3 4 5
30151,1 2 3 4 5
30173,1 2 3 4 5
30185,1 2 3 4 5
30189,1 2 3 4 5
30191,1 2 3 4 5
30194,1 2 3 4 5
30202,1 2 3 4 5
30203,1 2 3 4 5
30213,1 2 3 4 5
30218,1 2 3 4 5
30225,1 2 3 4 5
30235,1 2 3 4 5
30237,1 2 3 4 5
30238,1 2 3 4 5
30242,1 2 3 4 5
30259,1 2 3 4 5
30261,1 2 3 4 5
30302,1 2 3 4 5
30307,1 2 3 4 5
30310,1 2 3 4 5
30313,1 2 3 4 5
30316,1 2 3 4 5
30317,1 2 3 4 5
30334,1 2 3 4 5
30337,1 2 3 4 5
30338,1 2 3 4 5
30353,1 2 3 4 5
30355,1 2 3 4 5
30372,1 2 3 4 5
30377,1 2 3 4 5
30379,1 2 3 4 5
30380,1 2 3 4 5
30383,1 2 3 4 5
30387,1 2 3 4 5
30388,1 2 3 4 5
30389,1 2 3 4 5
30418,1 2 3 4 5
30422,1 2 3 4 5
30428,1 2 3 4 5
30442,1 2 3 4 5
30447,1 2 3 4 5
30457,1 2 3 4 5
30460,1 2 3 4 5
30468,1 2 3 4 5
30473,1 2 3 4 5
30474,1 2 3 4 5
30477,1 2 3 4 5
30482,1 2 3 4 5
30484,1 2 3 4 5
30489,1 2 3 4 5
30502,1 2 3 4 5
30524,1 2 3 4 5
30525,1 2 3 4 5
30528,1 2 3 4 5
30530,1 2 3 4 5
30532,1 2 3 4 5
30538,1 2 3 4 5
30540,1 2 3 4 5
30548,1 2 3 4 5
30555,1 2 3 4 5
30567,1 2 3 4 5
30568,1 2 3 4 5
30572,1 2 3 4 5
30574,1 2 3 4 5
30578,1 2 3 4 5
30584,1 2 3 4 5
30587,1 2 3 4 5
30596,1 2 3 4 5
30613,1 2 3 4 5
30625,1 2 3 4 5
30637,1 2 3 4 5
30638,1 2 3 4 5
30642,1 2 3 4 5
30643,1 2 3 4 5
30648,1 2 3 4 5
30649,1 2 3 4 5
30656,1 2 3 4 5
30665,1 2 3 4 5
30701,1 2 3 4 5
30704,1 2 3 4 5
30707,1 2 3 4 5
30713,1 2 3 4 5
30724,1 2 3 4 5
30740,1 2 3 4 5
30750,1 2 3 4 5
30752,1 2 3 4 5
30764,1 2 3 4 5
30779,1 2 3 4 5
30780,1 2 3 4 5
30784,1 2 3 4 5
30786,1 2 3 4 5
30811,1 2 3 4 5
30812,1 2 3 4 5
30814,1 2 3 4 5
30815,1 2 3 4 5
30820,1 2 3 4 5
30821,1 2 3 4 5
30831,1 2 3 4 5
30840,1 2 3 4 5
30844,1 2 3 4 5
30853,1 2 3 4 5
30854,1 2 3 4 5
30862,1 2 3 4 5
30866,1 2 3 4 5
30872,1 2 3 4 5
30875,1 2 3 4 5
30893,1 2 3 4 5
30903,1 2 3 4 5
30916,1 2 3 4 5
30921,1 2 3 4 5
30925,1 2 3 4 5
30927,1 2 3 4 5
30941,1 2 3 4 5
30957,1 2 3 4 5
30968,1 2 3 4 5
30970,1 2 3 4 5
30973,1 2 3 4 5
30983,1 2 3 4 5
30991,1 2 3 4 5
30998,1 2 3 4 5
31006,1 2 3 4 5
31019,1 2 3 4 5
31033,1 2 3 4 5
31035,1 2 3 4 5
31036,1 2 3 4 5
31040,1 2 3 4 5
31043,1 2 3 4 5
31050,1 2 3 4 5
31063,1 2 3 4 5
31066,1 2 3 4 5
31082,1 2 3 4 5
31087,1 2 3 4 5
31091,1 2 3 4 5
31097,1 2 3 4 5
31122,1 2 3 4 5
31131,1 2 3 4 5
31149,1 2 3 4 5
31154,1 2 3 4 5
31155,1 2 3 4 5
31161,1 2 3 4 5
31163,1 2 3 4 5
31173,1 2 3 4 5
31183,1 2 3 4 5
31186,1 2 3 4 5
31199,1 2 3 4 5
31206,1 2 3 4 5
31212,1 2 3 4 5
31217,1 2 3 4 5
31222,1 2 3 4 5
31230,1 2 3 4 5
31231,1 2 3 4 5
31233,1 2 3 4 5
31241,1 2 3 4 5
31245,1 2 3 4 5
31257,1 2 3 4 5
31259,1 2 3 4 5
31261,1 2 3 4 5
31276,1 2 3 4 5
31277,1 2 3 4 5
31286,1 2 3 4 5
31289,1 2 3 4 5
31291,1 2 3 4 5
31292,1 2 3 4 5
31296,1 2 3 4 5
31306,1 2 3 4 5
31314,1 2 3 4 5
31315,1 2 3 4 5
31317,1 2 3 4 5
31330,1 2 3 4 5
31333,1 2 3 4 5
31334,1 2 3 4 5
31336,1 2 3 4 5
31340,1 2 3 4 5
31353,1 2 3 4 5
31360,1 2 3 4 5
31361,1 2 3 4 5
31372,1 2 3 4 5
31375,1 2 3 4 5
31386,1 2 3 4 5
31408,1 2 3 4 5
31410,1 2 3 4 5
31424,1 2 3 4 5
31429,1 2 3 4 5
31430,1 2 3 4 5
31438,1 2 3 4 5
31441,1 2 3 4 5
31445,1 2 3 4 5
31456,1 2 3 4 5
31457,1 2 3 4 5
31462,1 2 3 4 5
31471,1 2 3 4 5
31477,1 2 3 4 5
31495,1 2 3 4 5
31496,1 2 3 4 5
31497,1 2 3 4 5
31498,1 2 3 4 5
31510,1 2 3 4 5
31514,1 2 3 4 5
31523,1 2 3 4 5
31526,1 2 3 4 5
31529,1 2 3 4 5
31533,1 2 3 4 5
31540,1 2 3 4 5
31541,1 2 3 4 5
31545,1 2 3 4 5
31547,1 2 3 4 5
31555,1 2 3 4 5
31561,1 2 3 4 5
31562,1 2 3 4 5
31563,1 2 3 4 5
31564,1 2 3 4 5
31573,1 2 3 4 5
31583,1 2 3 4 5
31587,1 2 3 4 5
31590,1 2 3 4 5
31591,1 2 3 4 5
31600,1 2 3 4 5
31608,1 2 3 4 5
31618,1 2 3 4 5
31623,1 2 3 4 5
31630,1 2 3 4 5
31634,1 2 3 4 5
31639,1 2 3 4 5
31650,1 2 3 4 5
31673,1 2 3 4 5
31678,1 2 3 4 5
31679,1 2 3 4 5
31681,1 2 3 4 5
31685,1 2 3 4 5
31687,1 2 3 4 5
31697,1 2 3 4 5
31705,1 2 3 4 5
31707,1 2 3 4 5
31710,1 2 3 4 5
31712,1 2 3 4 5
31713,1 2 3 4 5
31735,1 2 3 4 5
31738,1 2 3 4 5
31759,1 2 3 4 5
31771,1 2 3 4 5
31794,1 2 3 4 5
31795,1 2 3 4 5
31801,1 2 3 4 5
31819,1 2 3 4 5
31832,1 2 3 4 5
31836,1 2 3 4 5
31841,1 2 3 4 5
31846,1 2 3 4 5
31856,1 2 3 4 5
31879,1 2 3 4 5
31896,1 2 3 4 5
31902,1 2 3 4 5
31903,1 2 3 4 5
31916,1 2 3 4 5
31942,1 2 3 4 5
31961,1 2 3 4 5
31965,1 2 3 4 5
31966,1 2 3 4 5
31976,1 2 3 4 5
31991,1 2 3 4 5
31993,1 2 3 4 5
31999,1 2 3 4 5
32009,1 2 3 4 5
32019,1 2 3 4 5
32023,1 2 3 4 5
32034,1 2 3 4 5
32037,1 2 3 4 5
32047,1 2 3 4 5
32056,1 2 3 4 5
32068,1 2 3 4 5
32073,1 2 3 4 5
32074,1 2 3 4 5
32081,1 2 3 4 5
32089,1 2 3 4 5
32090,1 2 3 4 5
32091,1 2 3 4 5
32100,1 2 3 4 5
32106,1 2 3 4 5
32108,1 2 3 4 5
32114,1 2 3 4 5
32119,1 2 3 4 5
32125,1 2 3 4 5
32133,1 2 3 4 5
32141,1 2 3 4 5
32162,1 2 3 4 5
32163,1 2 3 4 5
32168,1 2 3 4 5
32175,1 2 3 4 5
32195,1 2 3 4 5
32197,1 2 3 4 5
32222,1 2 3 4 5
32225,1 2 3 4 5
32236,1 2 3 4 5
32242,1 2 3 4 5
32243,1 2 3 4 5
32261,1 2 3 4 5
32265,1 2 3 4 5
32282,1 2 3 4 5
32289,1 2 3 4 5
32299,1 2 3 4 5
32303,1 2 3 4 5
32305,1 2 3 4 5
32307,1 2 3 4 5
32314,1 2 3 4 5
32320,1 2 3 4 5
32331,1 2 3 4 5
32342,1 2 3 4 5
32345,1 2 3 4 5
32348,1 2 3 4 5
32349,1 2 3 4 5
32351,1 2 3 4 5
32363,1 2 3 4 5
32369,1 2 3 4 5
32372,1 2 3 4 5
32373,1 2 3 4 5
32380,1 2 3 4 5
32385,1 2 3 4 5
32404,1 2 3 4 5
32410,1 2 3 4 5
32431,1 2 3 4 5
32434,1 2 3 4 5
32457,1 2 3 4 5
32474,1 2 3 4 5
32476,1 2 3 4 5
32492,1 2 3 4 5
32502,1 2 3 4 5
32505,1 2 3 4 5
32506,1 2 3 4 5
32507,1 2 3 4 5
32511,1 2 3 4 5
32512,1 2 3 4 5
32513,1 2 3 4 5
32522,1 2 3 4 5
32526,1 2 3 4 5
32542,1 2 3 4 5
32549,1 2 3 4 5
32564,1 2 3 4 5
32565,1 2 3 4 5
32569,1 2 3 4 5
32574,1 2 3 4 5
32583,1 2 3 4 5
32587,1 2 3 4 5
32591,1 2 3 4 5
32594,1 2 3 4 5
32615,1 2 3 4 5
32621,1 2 3 4 5
32623,1 2 3 4 5
32633,1 2 3 4 5
32649,1 2 3 4 5
32650,1 2 3 4 5
32652,1 2 3 4 5
32670,1 2 3 4 5
32671,1 2 3 4 5
32673,1 2 3 4 5
32682,1 2 3 4 5
32684,1 2 3 4 5
32691,1 2 3 4 5
32692,1 2 3 4 5
32709,1 2 3 4 5
32714,1 2 3 4 5
32727,1 2 3 4 5
32733,1 2 3 4 5
32739,1 2 3 4 5
32751,1 2 3 4 5
32753,1 2 3 4 5
32780,1 2 3 4 5
32783,1 2 3 4 5
32810,1 2 3 4 5
32811,1 2 3 4 5
32820,1 2 3 4 5
32828,1 2 3 4 5
32834,1 2 3 4 5
32837,1 2 3 4 5
32848,1 2 3 4 5
32858,1 2 3 4 5
32880,1 2 3 4 5
32886,1 2 3 4 5
32888,1 2 3 4 5
32903,1 2 3 4 5
32905,1 2 3 4 5
32914,1 2 3 4 5
32920,1 2 3 4 5
32921,1 2 3 4 5
32924,1 2 3 4 5
32929,1 2 3 4 5
32934,1 2 3 4 5
32938,1 2 3 4 5
32959,1 2 3 4 5
32969,1 2 3 4 5
32988,1 2 3 4 5
32989,1 2 3 4 5
32991,1 2 3 4 5
33004,1 2 3 4 5
33016,1 2 3 4 5
33022,1 2 3 4 5
33028,1 2 3 4 5
33030,1 2 3 4 5
33032,1 2 3 4 5
33042,1 2 3 4 5
33044,1 2 3 4 5
33046,1 2 3 4 5
33049,1 2 3 4 5
33051,1 2 3 4 5
33053,1 2 3 4 5
33054,1 2 3 4 5
33061,1 2 3 4 5
33063,1 2 3 4 5
33065,1 2 3 4 5
33069,1 2 3 4 5
33081,1 2 3 4 5
33093,1 2 3 4 5
33104,1 2 3 4 5
33119,1 2 3 4 5
33129,1 2 3 4 5
33131,1 2 3 4 5
33142,1 2 3 4 5
33143,1 2 3 4 5
33144,1 2 3 4 5
33146,1 2 3 4 5
33147,1 2 3 4 5
33150,1 2 3 4 5
33165,1 2 3 4 5
33193,1 2 3 4 5
33220,1 2 3 4 5
33225,1 2 3 4 5
33226,1 2 3 4 5
33234,1 2 3 4 5
33235,1 2 3 4 5
33236,1 2 3 4 5
33246,1 2 3 4 5
33248,1 2 3 4 5
33259,1 2 3 4 5
33260,1 2 3 4 5
33266,1 2 3 4 5
33271,1 2 3 4 5
33272,1 2 3 4 5
33289,1 2 3 4 5
33290,1 2 3 4 5
33296,1 2 3 4 5
33308,1 2 3 4 5
33320,1 2 3 4 5
33330,1 2 3 4 5
33344,1 2 3 4 5
33346,1 2 3 4 5
33349,1 2 3 4 5
33363,1 2 3 4 5
33377,1 2 3 4 5
33379,1 2 3 4 5
33393,1 2 3 4 5
33399,1 2 3 4 5
33402,1 2 3 4 5
33425,1 2 3 4 5
33433,1 2 3 4 5
33440,1 2 3 4 5
33443,1 2 3 4 5
33452,1 2 3 4 5
33459,1 2 3 4 5
33461,1 2 3 4 5
33468,1 2 3 4 5
33477,1 2 3 4 5
33485,1 2 3 4 5
33486,1 2 3 4 5
33492,1 2 3 4 5
33495,1 2 3 4 5
33499,1 2 3 4 5
33513,1 2 3 4 5
33519,1 2 3 4 5
33520,1 2 3 4 5
33521,1 2 3 4 5
33525,1 2 3 4 5
33531,1 2 3 4 5
33544,1 2 3 4 5
33554,1 2 3 4 5
33572,1 2 3 4 5
33575,1 2 3 4 5
33578,1 2 3 4 5
33586,1 2 3 4 5
33587,1 2 3 4 5
33592,1 2 3 4 5
33604,1 2 3 4 5
33609,1 2 3 4 5
33615,1 2 3 4 5
33616,1 2 3 4 5
33638,1 2 3 4 5
33641,1 2 3 4 5
33644,1 2 3 4 5
33646,1 2 3 4 5
33649,1 2 3 4 5
33652,1 2 3 4 5
33662,1 2 3 4 5
33663,1 2 3 4 5
33669,1 2 3 4 5
33689,1 2 3 4 5
33705,1 2 3 4 5
33707,1 2 3 4 5
33711,1 2 3 4 5
33725,1 2 3 4 5
33732,1 2 3 4 5
33738,1 2 3 4 5
33752,1 2 3 4 5
33758,1 2 3 4 5
33772,1 2 3 4 5
33788,1 2 3 4 5
33789,1 2 3 4 5
33790,1 2 3 4 5
33796,1 2 3 4 5
33797,1 2 3 4 5
33801,1 2 3 4 5
33803,1 2 3 4 5
33809,1 2 3 4 5
33816,1 2 3 4 5
33817,1 2 3 4 5
33822,1 2 3 4 5
33823,1 2 3 4 5
33825,1 2 3 4 5
33826,1 2 3 4 5
33829,1 2 3 4 5
33830,1 2 3 4 5
33835,1 2 3 4 5
33851,1 2 3 4 5
33862,1 2 3 4 5
33865,1 2 3 4 5
33867,1 2 3 4 5
33874,1 2 3 4 5
33877,1 2 3 4 5
33882,1 2 3 4 5
33887,1 2 3 4 5
33890,1 2 3 4 5
33892,1 2 3 4 5
33893,1 2 3 4 5
33898,1 2 3 4 5
33901,1 2 3 4 5
33904,1 2 3 4 5
33909,1 2 3 4 5
33917,1 2 3 4 5
33924,1 2 3 4 5
33933,1 2 3 4 5
33941,1 2 3 4 5
33942,1 2 3 4 5
33947,1 2 3 4 5
33951,1 2 3 4 5
33958,1 2 3 4 5
33979,1 2 3 4 5
33981,1 2 3 4 5
33989,1 2 3 4 5
33990,1 2 3 4 5
33999,1 2 3 4 5
34000,1 2 3 4 5
34006,1 2 3 4 5
34011,1 2 3 4 5
34019,1 2 3 4 5
34022,1 2 3 4 5
34031,1 2 3 4 5
34036,1 2 3 4 5
34037,1 2 3 4 5
34039,1 2 3 4 5
34042,1 2 3 4 5
34044,1 2 3 4 5
34049,1 2 3 4 5
34052,1 2 3 4 5
34058,1 2 3 4 5
34063,1 2 3 4 5
34069,1 2 3 4 5
34073,1 2 3 4 5
34117,1 2 3 4 5
34121,1 2 3 4 5
34129,1 2 3 4 5
34132,1 2 3 4 5
34140,1 2 3 4 5
34141,1 2 3 4 5
34148,1 2 3 4 5
34149,1 2 3 4 5
34151,1 2 3 4 5
34157,1 2 3 4 5
34158,1 2 3 4 5
34159,1 2 3 4 5
34181,1 2 3 4 5
34182,1 2 3 4 5
34185,1 2 3 4 5
34187,1 2 3 4 5
34206,1 2 3 4 5
34213,1 2 3 4 5
34220,1 2 3 4 5
34221,1 2 3 4 5
34223,1 2 3 4 5
34242,1 2 3 4 5
34245,1 2 3 4 5
34259,1 2 3 4 5
34267,1 2 3 4 5
34271,1 2 3 4 5
34279,1 2 3 4 5
34285,1 2 3 4 5
34291,1 2 3 4 5
34295,1 2 3 4 5
34296,1 2 3 4 5
34299,1 2 3 4 5
34309,1 2 3 4 5
34325,1 2 3 4 5
34328,1 2 3 4 5
34342,1 2 3 4 5
34345,1 2 3 4 5
34350,1 2 3 4 5
34353,1 2 3 4 5
34354,1 2 3 4 5
34367,1 2 3 4 5
34379,1 2 3 4 5
34382,1 2 3 4 5
34387,1 2 3 4 5
34389,1 2 3 4 5
34392,1 2 3 4 5
34394,1 2 3 4 5
34406,1 2 3 4 5
34415,1 2 3 4 5
34422,1 2 3 4 5
34434,1 2 3 4 5
34457,1 2 3 4 5
34458,1 2 3 4 5
34460,1 2 3 4 5
34462,1 2 3 4 5
34463,1 2 3 4 5
34469,1 2 3 4 5
34478,1 2 3 4 5
34490,1 2 3 4 5
34494,1 2 3 4 5
34507,1 2 3 4 5
34508,1 2 3 4 5
34514,1 2 3 4 5
34519,1 2 3 4 5
34522,1 2 3 4 5
34523,1 2 3 4 5
34526,1 2 3 4 5
34535,1 2 3 4 5
34541,1 2 3 4 5
34547,1 2 3 4 5
34548,1 2 3 4 5
34553,1 2 3 4 5
34574,1 2 3 4 5
34575,1 2 3 4 5
34583,1 2 3 4 5
34586,1 2 3 4 5
34589,1 2 3 4 5
34591,1 2 3 4 5
34592,1 2 3 4 5
34593,1 2 3 4 5
34594,1 2 3 4 5
34595,1 2 3 4 5
34598,1 2 3 4 5
34604,1 2 3 4 5
34613,1 2 3 4 5
34614,1 2 3 4 5
34618,1 2 3 4 5
34623,1 2 3 4 5
34625,1 2 3 4 5
34638,1 2 3 4 5
34647,1 2 3 4 5
34652,1 2 3 4 5
34654,1 2 3 4 5
34656,1 2 3 4 5
34660,1 2 3 4 5
34662,1 2 3 4 5
34663,1 2 3 4 5
34665,1 2 3 4 5
34691,1 2 3 4 5
34708,1 2 3 4 5
34716,1 2 3 4 5
34726,1 2 3 4 5
34727,1 2 3 4 5
34736,1 2 3 4 5
34744,1 2 3 4 5
34758,1 2 3 4 5
34761,1 2 3 4 5
34770,1 2 3 4 5
34774,1 2 3 4 5
34782,1 2 3 4 5
34793,1 2 3 4 5
34799,1 2 3 4 5
34801,1 2 3 4 5
34816,1 2 3 4 5
34818,1 2 3 4 5
34821,1 2 3 4 5
34827,1 2 3 4 5
34837,1 2 3 4 5
34841,1 2 3 4 5
34847,1 2 3 4 5
34849,1 2 3 4 5
34851,1 2 3 4 5
34867,1 2 3 4 5
34872,1 2 3 4 5
34889,1 2 3 4 5
34895,1 2 3 4 5
34896,1 2 3 4 5
34904,1 2 3 4 5
34910,1 2 3 4 5
34912,1 2 3 4 5
34916,1 2 3 4 5
34918,1 2 3 4 5
34938,1 2 3 4 5
34948,1 2 3 4 5
34950,1 2 3 4 5
34951,1 2 3 4 5
34959,1 2 3 4 5
34962,1 2 3 4 5
34966,1 2 3 4 5
34970,1 2 3 4 5
34977,1 2 3 4 5
35000,1 2 3 4 5
35006,1 2 3 4 5
35015,1 2 3 4 5
35018,1 2 3 4 5
35020,1 2 3 4 5
35024,1 2 3 4 5
35030,1 2 3 4 5
35031,1 2 3 4 5
35039,1 2 3 4 5
35040,1 2 3 4 5
35041,1 2 3 4 5
35046,1 2 3 4 5
35047,1 2 3 4 5
35050,1 2 3 4 5
35055,1 2 3 4 5
35057,1 2 3 4 5
35060,1 2 3 4 5
35071,1 2 3 4 5
35090,1 2 3 4 5
35099,1 2 3 4 5
35111,1 2 3 4 5
35115,1 2 3 4 5
35157,1 2 3 4 5
35161,1 2 3 4 5
35166,1 2 3 4 5
35167,1 2 3 4 5
35175,1 2 3 4 5
35181,1 2 3 4 5
35184,1 2 3 4 5
35195,1 2 3 4 5
35204,1 2 3 4 5
35206,1 2 3 4 5
35210,1 2 3 4 5
35224,1 2 3 4 5
35227,1 2 3 4 5
35239,1 2 3 4 5
35251,1 2 3 4 5
35254,1 2 3 4 5
35269,1 2 3 4 5
35320,1 2 3 4 5
35322,1 2 3 4 5
35356,1 2 3 4 5
35368,1 2 3 4 5
35369,1 2 3 4 5
35381,1 2 3 4 5
35383,1 2 3 4 5
35387,1 2 3 4 5
35396,1 2 3 4 5
35404,1 2 3 4 5
35410,1 2 3 4 5
35417,1 2 3 4 5
35422,1 2 3 4 5
35430,1 2 3 4 5
35432,1 2 3 4 5
35436,1 2 3 4 5
35453,1 2 3 4 5
35463,1 2 3 4 5
35470,1 2 3 4 5
35476,1 2 3 4 5
35480,1 2 3 4 5
35488,1 2 3 4 5
35497,1 2 3 4 5
35499,1 2 3 4 5
35501,1 2 3 4 5
35505,1 2 3 4 5
35511,1 2 3 4 5
35513,1 2 3 4 5
35515,1 2 3 4 5
35523,1 2 3 4 5
35526,1 2 3 4 5
35541,1 2 3 4 5
35550,1 2 3 4 5
35555,1 2 3 4 5
35567,1 2 3 4 5
35575,1 2 3 4 5
35579,1 2 3 4 5
35580,1 2 3 4 5
35598,1 2 3 4 5
35604,1 2 3 4 5
35605,1 2 3 4 5
35617,1 2 3 4 5
35628,1 2 3 4 5
35638,1 2 3 4 5
35651,1 2 3 4 5
35656,1 2 3 4 5
35662,1 2 3 4 5
35668,1 2 3 4 5
35674,1 2 3 4 5
35677,1 2 3 4 5
35684,1 2 3 4 5
35689,1 2 3 4 5
35694,1 2 3 4 5
35710,1 2 3 4 5
35713,1 2 3 4 5
35714,1 2 3 4 5
35715,1 2 3 4 5
35721,1 2 3 4 5
35722,1 2 3 4 5
35728,1 2 3 4 5
35735,1 2 3 4 5
35737,1 2 3 4 5
35738,1 2 3 4 5
35740,1 2 3 4 5
35743,1 2 3 4 5
35744,1 2 3 4 5
35750,1 2 3 4 5
35762,1 2 3 4 5
35764,1 2 3 4 5
35766,1 2 3 4 5
35768,1 2 3 4 5
35771,1 2 3 4 5
35793,1 2 3 4 5
35800,1 2 3 4 5
35803,1 2 3 4 5
35809,1 2 3 4 5
35820,1 2 3 4 5
35822,1 2 3 4 5
35830,1 2 3 4 5
35831,1 2 3 4 5
35836,1 2 3 4 5
35838,1 2 3 4 5
35840,1 2 3 4 5
35841,1 2 3 4 5
35844,1 2 3 4 5
35845,1 2 3 4 5
35849,1 2 3 4 5
35852,1 2 3 4 5
35860,1 2 3 4 5
35888,1 2 3 4 5
35896,1 2 3 4 5
35899,1 2 3 4 5
35901,1 2 3 4 5
35923,1 2 3 4 5
35939,1 2 3 4 5
35955,1 2 3 4 5
35956,1 2 3 4 5
35963,1 2 3 4 5
35974,1 2 3 4 5
35984,1 2 3 4 5
35985,1 2 3 4 5
35986,1 2 3 4 5
35992,1 2 3 4 5
35994,1 2 3 4 5
35999,1 2 3 4 5
36009,1 2 3 4 5
36013,1 2 3 4 5
36018,1 2 3 4 5
36044,1 2 3 4 5
36057,1 2 3 4 5
36059,1 2 3 4 5
36067,1 2 3 4 5
36074,1 2 3 4 5
36076,1 2 3 4 5
36079,1 2 3 4 5
36097,1 2 3 4 5
36112,1 2 3 4 5
36117,1 2 3 4 5
36119,1 2 3 4 5
36126,1 2 3 4 5
36129,1 2 3 4 5
36142,1 2 3 4 5
36152,1 2 3 4 5
36161,1 2 3 4 5
36162,1 2 3 4 5
36164,1 2 3 4 5
36173,1 2 3 4 5
36195,1 2 3 4 5
36209,1 2 3 4 5
36211,1 2 3 4 5
36219,1 2 3 4 5
36225,1 2 3 4 5
36228,1 2 3 4 5
36229,1 2 3 4 5
36253,1 2 3 4 5
36254,1 2 3 4 5
36263,1 2 3 4 5
36265,1 2 3 4 5
36267,1 2 3 4 5
36270,1 2 3 4 5
36271,1 2 3 4 5
36295,1 2 3 4 5
36316,1 2 3 4 5
36324,1 2 3 4 5
36325,1 2 3 4 5
36327,1 2 3 4 5
36329,1 2 3 4 5
36341,1 2 3 4 5
36349,1 2 3 4 5
36352,1 2 3 4 5
36362,1 2 3 4 5
36364,1 2 3 4 5
36366,1 2 3 4 5
36367,1 2 3 4 5
36371,1 2 3 4 5
36374,1 2 3 4 5
36395,1 2 3 4 5
36417,1 2 3 4 5
36420,1 2 3 4 5
36421,1 2 3 4 5
36423,1 2 3 4 5
36424,1 2 3 4 5
36431,1 2 3 4 5
36450,1 2 3 4 5
36458,1 2 3 4 5
36464,1 2 3 4 5
36471,1 2 3 4 5
36473,1 2 3 4 5
36475,1 2 3 4 5
36477,1 2 3 4 5
36480,1 2 3 4 5
36484,1 2 3 4 5
36497,1 2 3 4 5
36498,1 2 3 4 5
36503,1 2 3 4 5
36510,1 2 3 4 5
36519,1 2 3 4 5
36528,1 2 3 4 5
36534,1 2 3 4 5
36538,1 2 3 4 5
36543,1 2 3 4 5
36545,1 2 3 4 5
36549,1 2 3 4 5
36550,1 2 3 4 5
36558,1 2 3 4 5
36578,1 2 3 4 5
36588,1 2 3 4 5
36590,1 2 3 4 5
36600,1 2 3 4 5
36601,1 2 3 4 5
36628,1 2 3 4 5
36635,1 2 3 4 5
36646,1 2 3 4 5
36655,1 2 3 4 5
36658,1 2 3 4 5
36659,1 2 3 4 5
36662,1 2 3 4 5
36668,1 2 3 4 5
36690,1 2 3 4 5
36697,1 2 3 4 5
36703,1 2 3 4 5
36712,1 2 3 4 5
36726,1 2 3 4 5
36728,1 2 3 4 5
36734,1 2 3 4 5
36740,1 2 3 4 5
36744,1 2 3 4 5
36751,1 2 3 4 5
36755,1 2 3 4 5
36762,1 2 3 4 5
36777,1 2 3 4 5
36781,1 2 3 4 5
36787,1 2 3 4 5
36793,1 2 3 4 5
36796,1 2 3 4 5
36799,1 2 3 4 5
36802,1 2 3 4 5
36805,1 2 3 4 5
36810,1 2 3 4 5
36813,1 2 3 4 5
36815,1 2 3 4 5
36826,1 2 3 4 5
36836,1 2 3 4 5
36840,1 2 3 4 5
36854,1 2 3 4 5
36869,1 2 3 4 5
36876,1 2 3 4 5
36900,1 2 3 4 5
36913,1 2 3 4 5
36924,1 2 3 4 5
36950,1 2 3 4 5
36957,1 2 3 4 5
36981,1 2 3 4 5
36987,1 2 3 4 5
36988,1 2 3 4 5
36993,1 2 3 4 5
37000,1 2 3 4 5
37039,1 2 3 4 5
37059,1 2 3 4 5
37077,1 2 3 4 5
37079,1 2 3 4 5
37082,1 2 3 4 5
37089,1 2 3 4 5
37093,1 2 3 4 5
37098,1 2 3 4 5
37099,1 2 3 4 5
37103,1 2 3 4 5
37109,1 2 3 4 5
37122,1 2 3 4 5
37133,1 2 3 4 5
37138,1 2 3 4 5
37150,1 2 3 4 5
37156,1 2 3 4 5
37158,1 2 3 4 5
37161,1 2 3 4 5
37172,1 2 3 4 5
37176,1 2 3 4 5
37179,1 2 3 4 5
37191,1 2 3 4 5
37195,1 2 3 4 5
37199,1 2 3 4 5
37208,1 2 3 4 5
37224,1 2 3 4 5
37230,1 2 3 4 5
37237,1 2 3 4 5
37240,1 2 3 4 5
37241,1 2 3 4 5
37242,1 2 3 4 5
37243,1 2 3 4 5
37261,1 2 3 4 5
37264,1 2 3 4 5
37318,1 2 3 4 5
37321,1 2 3 4 5
37323,1 2 3 4 5
37327,1 2 3 4 5
37344,1 2 3 4 5
37351,1 2 3 4 5
37352,1 2 3 4 5
37363,1 2 3 4 5
37364,1 2 3 4 5
37365,1 2 3 4 5
37370,1 2 3 4 5
37371,1 2 3 4 5
37375,1 2 3 4 5
37394,1 2 3 4 5
37405,1 2 3 4 5
37423,1 2 3 4 5
37424,1 2 3 4 5
37427,1 2 3 4 5
37428,1 2 3 4 5
37430,1 2 3 4 5
37432,1 2 3 4 5
37443,1 2 3 4 5
37448,1 2 3 4 5
37456,1 2 3 4 5
37458,1 2 3 4 5
37459,1 2 3 4 5
37465,1 2 3 4 5
37468,1 2 3 4 5
37472,1 2 3 4 5
37485,1 2 3 4 5
37487,1 2 3 4 5
37489,1 2 3 4 5
37493,1 2 3 4 5
37505,1 2 3 4 5
37507,1 2 3 4 5
37513,1 2 3 4 5
37526,1 2 3 4 5
37529,1 2 3 4 5
37533,1 2 3 4 5
37544,1 2 3 4 5
37553,1 2 3 4 5
37555,1 2 3 4 5
37557,1 2 3 4 5
37568,1 2 3 4 5
37576,1 2 3 4 5
37578,1 2 3 4 5
37586,1 2 3 4 5
37589,1 2 3 4 5
37597,1 2 3 4 5
37604,1 2 3 4 5
37609,1 2 3 4 5
37618,1 2 3 4 5
37619,1 2 3 4 5
37623,1 2 3 4 5
37640,1 2 3 4 5
37646,1 2 3 4 5
37648,1 2 3 4 5
37652,1 2 3 4 5
37657,1 2 3 4 5
37659,1 2 3 4 5
37664,1 2 3 4 5
37672,1 2 3 4 5
37675,1 2 3 4 5
37691,1 2 3 4 5
37697,1 2 3 4 5
37706,1 2 3 4 5
37718,1 2 3 4 5
37725,1 2 3 4 5
37734,1 2 3 4 5
37750,1 2 3 4 5
37770,1 2 3 4 5
37772,1 2 3 4 5
37773,1 2 3 4 5
37784,1 2 3 4 5
37786,1 2 3 4 5
37791,1 2 3 4 5
37792,1 2 3 4 5
37798,1 2 3 4 5
37802,1 2 3 4 5
37803,1 2 3 4 5
37806,1 2 3 4 5
37807,1 2 3 4 5
37833,1 2 3 4 5
37839,1 2 3 4 5
37843,1 2 3 4 5
37846,1 2 3 4 5
37853,1 2 3 4 5
37855,1 2 3 4 5
37860,1 2 3 4 5
37863,1 2 3 4 5
37867,1 2 3 4 5
37868,1 2 3 4 5
37886,1 2 3 4 5
37892,1 2 3 4 5
37908,1 2 3 4 5
37913,1 2 3 4 5
37920,1 2 3 4 5
37931,1 2 3 4 5
37932,1 2 3 4 5
37934,1 2 3 4 5
37939,1 2 3 4 5
37940,1 2 3 4 5
37944,1 2 3 4 5
37946,1 2 3 4 5
37951,1 2 3 4 5
37968,1 2 3 4 5
37971,1 2 3 4 5
37974,1 2 3 4 5
37976,1 2 3 4 5
37979,1 2 3 4 5
37982,1 2 3 4 5
37994,1 2 3 4 5
37997,1 2 3 4 5
38006,1 2 3 4 5
38011,1 2 3 4 5
38015,1 2 3 4 5
38021,1 2 3 4 5
38022,1 2 3 4 5
38029,1 2 3 4 5
38032,1 2 3 4 5
38038,1 2 3 4 5
38044,1 2 3 4 5
38049,1 2 3 4 5
38053,1 2 3 4 5
38055,1 2 3 4 5
38067,1 2 3 4 5
38074,1 2 3 4 5
38075,1 2 3 4 5
38078,1 2 3 4 5
38085,1 2 3 4 5
38090,1 2 3 4 5
38116,1 2 3 4 5
38117,1 2 3 4 5
38122,1 2 3 4 5
38126,1 2 3 4 5
38129,1 2 3 4 5
38134,1 2 3 4 5
38145,1 2 3 4 5
38163,1 2 3 4 5
38164,1 2 3 4 5
38167,1 2 3 4 5
38169,1 2 3 4 5
38179,1 2 3 4 5
38185,1 2 3 4 5
38194,1 2 3 4 5
38196,1 2 3 4 5
38222,1 2 3 4 5
38226,1 2 3 4 5
38227,1 2 3 4 5
38232,1 2 3 4 5
38236,1 2 3 4 5
38238,1 2 3 4 5
38242,1 2 3 4 5
38263,1 2 3 4 5
38267,1 2 3 4 5
38273,1 2 3 4 5
38278,1 2 3 4 5
38281,1 2 3 4 5
38291,1 2 3 4 5
38298,1 2 3 4 5
38303,1 2 3 4 5
38307,1 2 3 4 5
38317,1 2 3 4 5
38320,1 2 3 4 5
38321,1 2 3 4 5
38329,1 2 3 4 5
38342,1 2 3 4 5
38359,1 2 3 4 5
38375,1 2 3 4 5
38384,1 2 3 4 5
38389,1 2 3 4 5
38390,1 2 3 4 5
38396,1 2 3 4 5
38398,1 2 3 4 5
38414,1 2 3 4 5
38418,1 2 3 4 5
38424,1 2 3 4 5
38425,1 2 3 4 5
38435,1 2 3 4 5
38453,1 2 3 4 5
38467,1 2 3 4 5
38474,1 2 3 4 5
38478,1 2 3 4 5
38483,1 2 3 4 5
38487,1 2 3 4 5
38489,1 2 3 4 5
38492,1 2 3 4 5
38505,1 2 3 4 5
38508,1 2 3 4 5
38511,1 2 3 4 5
38517,1 2 3 4 5
38519,1 2 3 4 5
38520,1 2 3 4 5
38525,1 2 3 4 5
38526,1 2 3 4 5
38527,1 2 3 4 5
38528,1 2 3 4 5
38533,1 2 3 4 5
38545,1 2 3 4 5
38560,1 2 3 4 5
38561,1 2 3 4 5
38566,1 2 3 4 5
38568,1 2 3 4 5
38575,1 2 3 4 5
38581,1 2 3 4 5
38584,1 2 3 4 5
38585,1 2 3 4 5
38589,1 2 3 4 5
38591,1 2 3 4 5
38595,1 2 3 4 5
38599,1 2 3 4 5
38603,1 2 3 4 5
38606,1 2 3 4 5
38608,1 2 3 4 5
38611,1 2 3 4 5
38615,1 2 3 4 5
38617,1 2 3 4 5
38619,1 2 3 4 5
38645,1 2 3 4 5
38655,1 2 3 4 5
38658,1 2 3 4 5
38665,1 2 3 4 5
38668,1 2 3 4 5
38671,1 2 3 4 5
38674,1 2 3 4 5
38676,1 2 3 4 5
38680,1 2 3 4 5
38684,1 2 3 4 5
38698,1 2 3 4 5
38701,1 2 3 4 5
38702,1 2 3 4 5
38706,1 2 3 4 5
38709,1 2 3 4 5
38716,1 2 3 4 5
38734,1 2 3 4 5
38760,1 2 3 4 5
38768,1 2 3 4 5
38776,1 2 3 4 5
38781,1 2 3 4 5
38785,1 2 3 4 5
38787,1 2 3 4 5
38802,1 2 3 4 5
38814,1 2 3 4 5
38815,1 2 3 4 5
38822,1 2 3 4 5
38826,1 2 3 4 5
38839,1 2 3 4 5
38842,1 2 3 4 5
38845,1 2 3 4 5
38853,1 2 3 4 5
38854,1 2 3 4 5
38855,1 2 3 4 5
38858,1 2 3 4 5
38859,1 2 3 4 5
38862,1 2 3 4 5
38869,1 2 3 4 5
38872,1 2 3 4 5
38885,1 2 3 4 5
38888,1 2 3 4 5
38898,1 2 3 4 5
38900,1 2 3 4 5
38907,1 2 3 4 5
38909,1 2 3 4 5
38916,1 2 3 4 5
38926,1 2 3 4 5
38936,1 2 3 4 5
38938,1 2 3 4 5
38939,1 2 3 4 5
38940,1 2 3 4 5
38942,1 2 3 4 5
38944,1 2 3 4 5
38949,1 2 3 4 5
38955,1 2 3 4 5
38959,1 2 3 4 5
38963,1 2 3 4 5
38970,1 2 3 4 5
38972,1 2 3 4 5
38975,1 2 3 4 5
38980,1 2 3 4 5
38987,1 2 3 4 5
38988,1 2 3 4 5
38989,1 2 3 4 5
38997,1 2 3 4 5
39004,1 2 3 4 5
39017,1 2 3 4 5
39028,1 2 3 4 5
39030,1 2 3 4 5
39032,1 2 3 4 5
39035,1 2 3 4 5
39037,1 2 3 4 5
39044,1 2 3 4 5
39045,1 2 3 4 5
39096,1 2 3 4 5
39107,1 2 3 4 5
39112,1 2 3 4 5
39126,1 2 3 4 5
39146,1 2 3 4 5
39147,1 2 3 4 5
39161,1 2 3 4 5
39163,1 2 3 4 5
39167,1 2 3 4 5
39175,1 2 3 4 5
39177,1 2 3 4 5
39180,1 2 3 4 5
39188,1 2 3 4 5
39189,1 2 3 4 5
39210,1 2 3 4 5
39217,1 2 3 4 5
39219,1 2 3 4 5
39223,1 2 3 4 5
39239,1 2 3 4 5
39248,1 2 3 4 5
39254,1 2 3 4 5
39256,1 2 3 4 5
39259,1 2 3 4 5
39260,1 2 3 4 5
39277,1 2 3 4 5
39284,1 2 3 4 5
39286,1 2 3 4 5
39287,1 2 3 4 5
39293,1 2 3 4 5
39298,1 2 3 4 5
39311,1 2 3 4 5
39314,1 2 3 4 5
39316,1 2 3 4 5
39323,1 2 3 4 5
39332,1 2 3 4 5
39351,1 2 3 4 5
39355,1 2 3 4 5
39359,1 2 3 4 5
39363,1 2 3 4 5
39367,1 2 3 4 5
39375,1 2 3 4 5
39382,1 2 3 4 5
39389,1 2 3 4 5
39402,1 2 3 4 5
39416,1 2 3 4 5
39419,1 2 3 4 5
39421,1 2 3 4 5
39427,1 2 3 4 5
39428,1 2 3 4 5
39429,1 2 3 4 5
39441,1 2 3 4 5
39442,1 2 3 4 5
39447,1 2 3 4 5
39449,1 2 3 4 5
39455,1 2 3 4 5
39464,1 2 3 4 5
39479,1 2 3 4 5
39485,1 2 3 4 5
39493,1 2 3 4 5
39500,1 2 3 4 5
39520,1 2 3 4 5
39529,1 2 3 4 5
39531,1 2 3 4 5
39554,1 2 3 4 5
39570,1 2 3 4 5
39572,1 2 3 4 5
39575,1 2 3 4 5
39580,1 2 3 4 5
39588,1 2 3 4 5
39600,1 2 3 4 5
39607,1 2 3 4 5
39617,1 2 3 4 5
39618,1 2 3 4 5
39624,1 2 3 4 5
39628,1 2 3 4 5
39641,1 2 3 4 5
39643,1 2 3 4 5
39647,1 2 3 4 5
39656,1 2 3 4 5
39658,1 2 3 4 5
39660,1 2 3 4 5
39662,1 2 3 4 5
39667,1 2 3 4 5
39672,1 2 3 4 5
39674,1 2 3 4 5
39677,1 2 3 4 5
39679,1 2 3 4 5
39683,1 2 3 4 5
39686,1 2 3 4 5
39693,1 2 3 4 5
39696,1 2 3 4 5
39700,1 2 3 4 5
39702,1 2 3 4 5
39707,1 2 3 4 5
39711,1 2 3 4 5
39715,1 2 3 4 5
39735,1 2 3 4 5
39753,1 2 3 4 5
39757,1 2 3 4 5
39759,1 2 3 4 5
39760,1 2 3 4 5
39763,1 2 3 4 5
39769,1 2 3 4 5
39776,1 2 3 4 5
39778,1 2 3 4 5
39784,1 2 3 4 5
39785,1 2 3 4 5
39790,1 2 3 4 5
39797,1 2 3 4 5
39804,1 2 3 4 5
39805,1 2 3 4 5
39806,1 2 3 4 5
39810,1 2 3 4 5
39814,1 2 3 4 5
39816,1 2 3 4 5
39831,1 2 3 4 5
39834,1 2 3 4 5
39837,1 2 3 4 5
39839,1 2 3 4 5
39849,1 2 3 4 5
39853,1 2 3 4 5
39864,1 2 3 4 5
39873,1 2 3 4 5
39878,1 2 3 4 5
39882,1 2 3 4 5
39888,1 2 3 4 5
39902,1 2 3 4 5
39906,1 2 3 4 5
39908,1 2 3 4 5
39918,1 2 3 4 5
39919,1 2 3 4 5
39931,1 2 3 4 5
39939,1 2 3 4 5
39944,1 2 3 4 5
39947,1 2 3 4 5
39954,1 2 3 4 5
39958,1 2 3 4 5
39967,1 2 3 4 5
39971,1 2 3 4 5
39975,1 2 3 4 5
39976,1 2 3 4 5
39977,1 2 3 4 5
39981,1 2 3 4 5
39982,1 2 3 4 5
39988,1 2 3 4 5
39989,1 2 3 4 5
39994,1 2 3 4 5
40002,1 2 3 4 5
40003,1 2 3 4 5
40005,1 2 3 4 5
40009,1 2 3 4 5
40011,1 2 3 4 5
40018,1 2 3 4 5
40027,1 2 3 4 5
40031,1 2 3 4 5
40036,1 2 3 4 5
40038,1 2 3 4 5
40043,1 2 3 4 5
40049,1 2 3 4 5
40053,1 2 3 4 5
40057,1 2 3 4 5
40061,1 2 3 4 5
40063,1 2 3 4 5
40079,1 2 3 4 5
40085,1 2 3 4 5
40089,1 2 3 4 5
40092,1 2 3 4 5
40097,1 2 3 4 5
40101,1 2 3 4 5
40104,1 2 3 4 5
40105,1 2 3 4 5
40122,1 2 3 4 5
40124,1 2 3 4 5
40131,1 2 3 4 5
40133,1 2 3 4 5
40146,1 2 3 4 5
40162,1 2 3 4 5
40171,1 2 3 4 5
40178,1 2 3 4 5
40189,1 2 3 4 5
40208,1 2 3 4 5
40212,1 2 3 4 5
40222,1 2 3 4 5
40228,1 2 3 4 5
40255,1 2 3 4 5
40263,1 2 3 4 5
40267,1 2 3 4 5
40272,1 2 3 4 5
40275,1 2 3 4 5
40288,1 2 3 4 5
40292,1 2 3 4 5
40294,1 2 3 4 5
40307,1 2 3 4 5
40312,1 2 3 4 5
40319,1 2 3 4 5
40327,1 2 3 4 5
40344,1 2 3 4 5
40360,1 2 3 4 5
40363,1 2 3 4 5
40376,1 2 3 4 5
40377,1 2 3 4 5
40382,1 2 3 4 5
40407,1 2 3 4 5
40409,1 2 3 4 5
40410,1 2 3 4 5
40418,1 2 3 4 5
40425,1 2 3 4 5
40438,1 2 3 4 5
40446,1 2 3 4 5
40450,1 2 3 4 5
40466,1 2 3 4 5
40471,1 2 3 4 5
40473,1 2 3 4 5
40474,1 2 3 4 5
40477,1 2 3 4 5
40490,1 2 3 4 5
40498,1 2 3 4 5
40503,1 2 3 4 5
40504,1 2 3 4 5
40509,1 2 3 4 5
40516,1 2 3 4 5
40520,1 2 3 4 5
40521,1 2 3 4 5
40523,1 2 3 4 5
40526,1 2 3 4 5
40531,1 2 3 4 5
40538,1 2 3 4 5
40545,1 2 3 4 5
40546,1 2 3 4 5
40553,1 2 3 4 5
40554,1 2 3 4 5
40577,1 2 3 4 5
40591,1 2 3 4 5
40595,1 2 3 4 5
40599,1 2 3 4 5
40603,1 2 3 4 5
40615,1 2 3 4 5
40644,1 2 3 4 5
40656,1 2 3 4 5
40659,1 2 3 4 5
40664,1 2 3 4 5
40671,1 2 3 4 5
40672,1 2 3 4 5
40676,1 2 3 4 5
40687,1 2 3 4 5
40688,1 2 3 4 5
40689,1 2 3 4 5
40701,1 2 3 4 5
40702,1 2 3 4 5
40707,1 2 3 4 5
40710,1 2 3 4 5
40719,1 2 3 4 5
40732,1 2 3 4 5
40738,1 2 3 4 5
40740,1 2 3 4 5
40747,1 2 3 4 5
40752,1 2 3 4 5
40761,1 2 3 4 5
40773,1 2 3 4 5
40776,1 2 3 4 5
40792,1 2 3 4 5
40811,1 2 3 4 5
40812,1 2 3 4 5
40817,1 2 3 4 5
40823,1 2 3 4 5
40830,1 2 3 4 5
40839,1 2 3 4 5
40851,1 2 3 4 5
40857,1 2 3 4 5
40886,1 2 3 4 5
40890,1 2 3 4 5
40891,1 2 3 4 5
40899,1 2 3 4 5
40906,1 2 3 4 5
40910,1 2 3 4 5
40912,1 2 3 4 5
40919,1 2 3 4 5
40920,1 2 3 4 5
40926,1 2 3 4 5
40934,1 2 3 4 5
40935,1 2 3 4 5
40936,1 2 3 4 5
40969,1 2 3 4 5
40975,1 2 3 4 5
40981,1 2 3 4 5
40998,1 2 3 4 5
41009,1 2 3 4 5
41028,1 2 3 4 5
41029,1 2 3 4 5
41032,1 2 3 4 5
41035,1 2 3 4 5
41037,1 2 3 4 5
41039,1 2 3 4 5
41040,1 2 3 4 5
41047,1 2 3 4 5
41050,1 2 3 4 5
41066,1 2 3 4 5
41085,1 2 3 4 5
41086,1 2 3 4 5
41095,1 2 3 4 5
41096,1 2 3 4 5
41101,1 2 3 4 5
41106,1 2 3 4 5
41133,1 2 3 4 5
41140,1 2 3 4 5
41143,1 2 3 4 5
41145,1 2 3 4 5
41158,1 2 3 4 5
41159,1 2 3 4 5
41165,1 2 3 4 5
41166,1 2 3 4 5
41181,1 2 3 4 5
41184,1 2 3 4 5
41190,1 2 3 4 5
41200,1 2 3 4 5
41203,1 2 3 4 5
41211,1 2 3 4 5
41216,1 2 3 4 5
41244,1 2 3 4 5
41266,1 2 3 4 5
41280,1 2 3 4 5
41303,1 2 3 4 5
41306,1 2 3 4 5
41309,1 2 3 4 5
41315,1 2 3 4 5
41321,1 2 3 4 5
41323,1 2 3 4 5
41336,1 2 3 4 5
41344,1 2 3 4 5
41350,1 2 3 4 5
41354,1 2 3 4 5
41359,1 2 3 4 5
41361,1 2 3 4 5
41363,1 2 3 4 5
41371,1 2 3 4 5
41377,1 2 3 4 5
41379,1 2 3 4 5
41388,1 2 3 4 5
41391,1 2 3 4 5
41401,1 2 3 4 5
41409,1 2 3 4 5
41411,1 2 3 4 5
41423,1 2 3 4 5
41427,1 2 3 4 5
41438,1 2 3 4 5
41451,1 2 3 4 5
41463,1 2 3 4 5
41466,1 2 3 4 5
41469,1 2 3 4 5
41506,1 2 3 4 5
41514,1 2 3 4 5
41521,1 2 3 4 5
41529,1 2 3 4 5
41536,1 2 3 4 5
41553,1 2 3 4 5
41568,1 2 3 4 5
41576,1 2 3 4 5
41579,1 2 3 4 5
41584,1 2 3 4 5
41587,1 2 3 4 5
41595,1 2 3 4 5
41599,1 2 3 4 5
41601,1 2 3 4 5
41604,1 2 3 4 5
41605,1 2 3 4 5
41609,1 2 3 4 5
41614,1 2 3 4 5
41637,1 2 3 4 5
41642,1 2 3 4 5
41665,1 2 3 4 5
41668,1 2 3 4 5
41673,1 2 3 4 5
41682,1 2 3 4 5
41694,1 2 3 4 5
41695,1 2 3 4 5
41711,1 2 3 4 5
41729,1 2 3 4 5
41733,1 2 3 4 5
41741,1 2 3 4 5
41743,1 2 3 4 5
41754,1 2 3 4 5
41755,1 2 3 4 5
41760,1 2 3 4 5
41780,1 2 3 4 5
41788,1 2 3 4 5
41797,1 2 3 4 5
41798,1 2 3 4 5
41800,1 2 3 4 5
41813,1 2 3 4 5
41833,1 2 3 4 5
41836,1 2 3 4 5
41842,1 2 3 4 5
41851,1 2 3 4 5
41877,1 2 3 4 5
41879,1 2 3 4 5
41887,1 2 3 4 5
41892,1 2 3 4 5
41912,1 2 3 4 5
41914,1 2 3 4 5
41930,1 2 3 4 5
41946,1 2 3 4 5
41948,1 2 3 4 5
41970,1 2 3 4 5
41980,1 2 3 4 5
41988,1 2 3 4 5
41989,1 2 3 4 5
42001,1 2 3 4 5
42022,1 2 3 4 5
42029,1 2 3 4 5
42041,1 2 3 4 5
42045,1 2 3 4 5
42046,1 2 3 4 5
42053,1 2 3 4 5
42054,1 2 3 4 5
42057,1 2 3 4 5
42065,1 2 3 4 5
42071,1 2 3 4 5
42077,1 2 3 4 5
42078,1 2 3 4 5
42086,1 2 3 4 5
42121,1 2 3 4 5
42134,1 2 3 4 5
42143,1 2 3 4 5
42155,1 2 3 4 5
42161,1 2 3 4 5
42176,1 2 3 4 5
42179,1 2 3 4 5
42180,1 2 3 4 5
42186,1 2 3 4 5
42188,1 2 3 4 5
42195,1 2 3 4 5
42213,1 2 3 4 5
42221,1 2 3 4 5
42245,1 2 3 4 5
42249,1 2 3 4 5
42251,1 2 3 4 5
42254,1 2 3 4 5
42266,1 2 3 4 5
42272,1 2 3 4 5
42289,1 2 3 4 5
42303,1 2 3 4 5
42311,1 2 3 4 5
42312,1 2 3 4 5
42316,1 2 3 4 5
42318,1 2 3 4 5
42319,1 2 3 4 5
42321,1 2 3 4 5
42338,1 2 3 4 5
42343,1 2 3 4 5
42345,1 2 3 4 5
42365,1 2 3 4 5
42366,1 2 3 4 5
42368,1 2 3 4 5
42371,1 2 3 4 5
42372,1 2 3 4 5
42382,1 2 3 4 5
42392,1 2 3 4 5
42397,1 2 3 4 5
42400,1 2 3 4 5
42420,1 2 3 4 5
42423,1 2 3 4 5
42425,1 2 3 4 5
42447,1 2 3 4 5
42448,1 2 3 4 5
42450,1 2 3 4 5
42456,1 2 3 4 5
42460,1 2 3 4 5
42470,1 2 3 4 5
42472,1 2 3 4 5
42478,1 2 3 4 5
42483,1 2 3 4 5
42493,1 2 3 4 5
42499,1 2 3 4 5
42500,1 2 3 4 5
42505,1 2 3 4 5
42507,1 2 3 4 5
42508,1 2 3 4 5
42515,1 2 3 4 5
42522,1 2 3 4 5
42543,1 2 3 4 5
42547,1 2 3 4 5
42556,1 2 3 4 5
42558,1 2 3 4 5
42574,1 2 3 4 5
42581,1 2 3 4 5
42583,1 2 3 4 5
42590,1 2 3 4 5
42592,1 2 3 4 5
42598,1 2 3 4 5
42602,1 2 3 4 5
42623,1 2 3 4 5
42626,1 2 3 4 5
42627,1 2 3 4 5
42632,1 2 3 4 5
42643,1 2 3 4 5
42647,1 2 3 4 5
42648,1 2 3 4 5
42654,1 2 3 4 5
42658,1 2 3 4 5
42660,1 2 3 4 5
42662,1 2 3 4 5
42668,1 2 3 4 5
42675,1 2 3 4 5
42687,1 2 3 4 5
42691,1 2 3 4 5
42693,1 2 3 4 5
42700,1 2 3 4 5
42706,1 2 3 4 5
42709,1 2 3 4 5
42723,1 2 3 4 5
42730,1 2 3 4 5
42733,1 2 3 4 5
42739,1 2 3 4 5
42742,1 2 3 4 5
42744,1 2 3 4 5
42751,1 2 3 4 5
42761,1 2 3 4 5
42764,1 2 3 4 5
42776,1 2 3 4 5
42788,1 2 3 4 5
42789,1 2 3 4 5
42818,1 2 3 4 5
42820,1 2 3 4 5
42822,1 2 3 4 5
42825,1 2 3 4 5
42838,1 2 3 4 5
42839,1 2 3 4 5
42841,1 2 3 4 5
42851,1 2 3 4 5
42852,1 2 3 4 5
42864,1 2 3 4 5
42870,1 2 3 4 5
42873,1 2 3 4 5
42875,1 2 3 4 5
42900,1 2 3 4 5
42901,1 2 3 4 5
42909,1 2 3 4 5
42914,1 2 3 4 5
42915,1 2 3 4 5
42920,1 2 3 4 5
42931,1 2 3 4 5
42943,1 2 3 4 5
42944,1 2 3 4 5
42946,1 2 3 4 5
42956,1 2 3 4 5
42961,1 2 3 4 5
42966,1 2 3 4 5
42971,1 2 3 4 5
42972,1 2 3 4 5
42980,1 2 3 4 5
42994,1 2 3 4 5
43005,1 2 3 4 5
43020,1 2 3 4 5
43022,1 2 3 4 5
43026,1 2 3 4 5
43035,1 2 3 4 5
43037,1 2 3 4 5
43049,1 2 3 4 5
43051,1 2 3 4 5
43053,1 2 3 4 5
43054,1 2 3 4 5
43058,1 2 3 4 5
43066,1 2 3 4 5
43069,1 2 3 4 5
43077,1 2 3 4 5
43089,1 2 3 4 5
43103,1 2 3 4 5
43108,1 2 3 4 5
43110,1 2 3 4 5
43112,1 2 3 4 5
43114,1 2 3 4 5
43125,1 2 3 4 5
43134,1 2 3 4 5
43135,1 2 3 4 5
43140,1 2 3 4 5
43144,1 2 3 4 5
43163,1 2 3 4 5
43164,1 2 3 4 5
43168,1 2 3 4 5
43170,1 2 3 4 5
43174,1 2 3 4 5
43176,1 2 3 4 5
43181,1 2 3 4 5
43196,1 2 3 4 5
43198,1 2 3 4 5
43205,1 2 3 4 5
43219,1 2 3 4 5
43224,1 2 3 4 5
43227,1 2 3 4 5
43239,1 2 3 4 5
43242,1 2 3 4 5
43251,1 2 3 4 5
43267,1 2 3 4 5
43278,1 2 3 4 5
43300,1 2 3 4 5
43303,1 2 3 4 5
43309,1 2 3 4 5
43310,1 2 3 4 5
43314,1 2 3 4 5
43316,1 2 3 4 5
43334,1 2 3 4 5
43339,1 2 3 4 5
43343,1 2 3 4 5
43344,1 2 3 4 5
43348,1 2 3 4 5
43376,1 2 3 4 5
43387,1 2 3 4 5
43388,1 2 3 4 5
43395,1 2 3 4 5
43396,1 2 3 4 5
43407,1 2 3 4 5
43419,1 2 3 4 5
43422,1 2 3 4 5
43430,1 2 3 4 5
43433,1 2 3 4 5
43458,1 2 3 4 5
43466,1 2 3 4 5
43468,1 2 3 4 5
43476,1 2 3 4 5
43478,1 2 3 4 5
43481,1 2 3 4 5
43484,1 2 3 4 5
43490,1 2 3 4 5
43493,1 2 3 4 5
43499,1 2 3 4 5
43505,1 2 3 4 5
43507,1 2 3 4 5
43512,1 2 3 4 5
43513,1 2 3 4 5
43516,1 2 3 4 5
43521,1 2 3 4 5
43528,1 2 3 4 5
43531,1 2 3 4 5
43571,1 2 3 4 5
43580,1 2 3 4 5
43582,1 2 3 4 5
43585,1 2 3 4 5
43592,1 2 3 4 5
43593,1 2 3 4 5
43601,1 2 3 4 5
43602,1 2 3 4 5
43605,1 2 3 4 5
43607,1 2 3 4 5
43620,1 2 3 4 5
43628,1 2 3 4 5
43629,1 2 3 4 5
43648,1 2 3 4 5
43655,1 2 3 4 5
43661,1 2 3 4 5
43668,1 2 3 4 5
43671,1 2 3 4 5
43673,1 2 3 4 5
43698,1 2 3 4 5
43704,1 2 3 4 5
43709,1 2 3 4 5
43716,1 2 3 4 5
43717,1 2 3 4 5
43729,1 2 3 4 5
43739,1 2 3 4 5
43740,1 2 3 4 5
43743,1 2 3 4 5
43745,1 2 3 4 5
43748,1 2 3 4 5
43753,1 2 3 4 5
43758,1 2 3 4 5
43767,1 2 3 4 5
43769,1 2 3 4 5
43770,1 2 3 4 5
43773,1 2 3 4 5
43779,1 2 3 4 5
43784,1 2 3 4 5
43802,1 2 3 4 5
43814,1 2 3 4 5
43821,1 2 3 4 5
43828,1 2 3 4 5
43829,1 2 3 4 5
43840,1 2 3 4 5
43855,1 2 3 4 5
43877,1 2 3 4 5
43880,1 2 3 4 5
43884,1 2 3 4 5
43892,1 2 3 4 5
43906,1 2 3 4 5
43909,1 2 3 4 5
43913,1 2 3 4 5
43926,1 2 3 4 5
43941,1 2 3 4 5
43943,1 2 3 4 5
43945,1 2 3 4 5
43948,1 2 3 4 5
43949,1 2 3 4 5
43953,1 2 3 4 5
43956,1 2 3 4 5
43963,1 2 3 4 5
43974,1 2 3 4 5
43977,1 2 3 4 5
43979,1 2 3 4 5
43985,1 2 3 4 5
43989,1 2 3 4 5
43996,1 2 3 4 5
44007,1 2 3 4 5
44013,1 2 3 4 5
44029,1 2 3 4 5
44032,1 2 3 4 5
44033,1 2 3 4 5
44035,1 2 3 4 5
44047,1 2 3 4 5
44055,1 2 3 4 5
44058,1 2 3 4 5
44061,1 2 3 4 5
44070,1 2 3 4 5
44084,1 2 3 4 5
44091,1 2 3 4 5
44093,1 2 3 4 5
44096,1 2 3 4 5
44102,1 2 3 4 5
44110,1 2 3 4 5
44111,1 2 3 4 5
44131,1 2 3 4 5
44138,1 2 3 4 5
44140,1 2 3 4 5
44144,1 2 3 4 5
44146,1 2 3 4 5
44147,1 2 3 4 5
44154,1 2 3 4 5
44160,1 2 3 4 5
44170,1 2 3 4 5
44175,1 2 3 4 5
44186,1 2 3 4 5
44189,1 2 3 4 5
44197,1 2 3 4 5
44200,1 2 3 4 5
44202,1 2 3 4 5
44222,1 2 3 4 5
44225,1 2 3 4 5
44226,1 2 3 4 5
44229,1 2 3 4 5
44240,1 2 3 4 5
44249,1 2 3 4 5
44261,1 2 3 4 5
44295,1 2 3 4 5
44296,1 2 3 4 5
44303,1 2 3 4 5
44304,1 2 3 4 5
44305,1 2 3 4 5
44308,1 2 3 4 5
44309,1 2 3 4 5
44315,1 2 3 4 5
44320,1 2 3 4 5
44324,1 2 3 4 5
44325,1 2 3 4 5
44331,1 2 3 4 5
44335,1 2 3 4 5
44342,1 2 3 4 5
44355,1 2 3 4 5
44359,1 2 3 4 5
44361,1 2 3 4 5
44363,1 2 3 4 5
44375,1 2 3 4 5
44376,1 2 3 4 5
44388,1 2 3 4 5
44392,1 2 3 4 5
44399,1 2 3 4 5
44403,1 2 3 4 5
44404,1 2 3 4 5
44420,1 2 3 4 5
44430,1 2 3 4 5
44437,1 2 3 4 5
44446,1 2 3 4 5
44451,1 2 3 4 5
44454,1 2 3 4 5
44460,1 2 3 4 5
44473,1 2 3 4 5
44477,1 2 3 4 5
44480,1 2 3 4 5
44487,1 2 3 4 5
44495,1 2 3 4 5
44503,1 2 3 4 5
44507,1 2 3 4 5
44523,1 2 3 4 5
44535,1 2 3 4 5
44537,1 2 3 4 5
44541,1 2 3 4 5
44545,1 2 3 4 5
44549,1 2 3 4 5
44552,1 2 3 4 5
44557,1 2 3 4 5
44589,1 2 3 4 5
44595,1 2 3 4 5
44596,1 2 3 4 5
44597,1 2 3 4 5
44601,1 2 3 4 5
44611,1 2 3 4 5
44617,1 2 3 4 5
44620,1 2 3 4 5
44621,1 2 3 4 5
44624,1 2 3 4 5
44630,1 2 3 4 5
44643,1 2 3 4 5
44645,1 2 3 4 5
44648,1 2 3 4 5
44650,1 2 3 4 5
44667,1 2 3 4 5
44674,1 2 3 4 5
44686,1 2 3 4 5
44692,1 2 3 4 5
44696,1 2 3 4 5
44697,1 2 3 4 5
44702,1 2 3 4 5
44708,1 2 3 4 5
44713,1 2 3 4 5
44723,1 2 3 4 5
44724,1 2 3 4 5
44729,1 2 3 4 5
44732,1 2 3 4 5
44735,1 2 3 4 5
44737,1 2 3 4 5
44739,1 2 3 4 5
44742,1 2 3 4 5
44754,1 2 3 4 5
44762,1 2 3 4 5
44764,1 2 3 4 5
44765,1 2 3 4 5
44769,1 2 3 4 5
44782,1 2 3 4 5
44791,1 2 3 4 5
44795,1 2 3 4 5
44802,1 2 3 4 5
44809,1 2 3 4 5
44814,1 2 3 4 5
44822,1 2 3 4 5
44830,1 2 3 4 5
44834,1 2 3 4 5
44838,1 2 3 4 5
44849,1 2 3 4 5
44850,1 2 3 4 5
44852,1 2 3 4 5
44859,1 2 3 4 5
44860,1 2 3 4 5
44885,1 2 3 4 5
44886,1 2 3 4 5
44893,1 2 3 4 5
44897,1 2 3 4 5
44899,1 2 3 4 5
44903,1 2 3 4 5
44909,1 2 3 4 5
44911,1 2 3 4 5
44917,1 2 3 4 5
44932,1 2 3 4 5
44936,1 2 3 4 5
44954,1 2 3 4 5
44964,1 2 3 4 5
44970,1 2 3 4 5
44979,1 2 3 4 5
44990,1 2 3 4 5
44991,1 2 3 4 5
45006,1 2 3 4 5
45011,1 2 3 4 5
45012,1 2 3 4 5
45020,1 2 3 4 5
45037,1 2 3 4 5
45039,1 2 3 4 5
45041,1 2 3 4 5
45048,1 2 3 4 5
45056,1 2 3 4 5
45066,1 2 3 4 5
45068,1 2 3 4 5
45081,1 2 3 4 5
45082,1 2 3 4 5
45086,1 2 3 4 5
45092,1 2 3 4 5
45093,1 2 3 4 5
45094,1 2 3 4 5
45095,1 2 3 4 5
45097,1 2 3 4 5
45103,1 2 3 4 5
45111,1 2 3 4 5
45120,1 2 3 4 5
45132,1 2 3 4 5
45133,1 2 3 4 5
45139,1 2 3 4 5
45141,1 2 3 4 5
45143,1 2 3 4 5
45152,1 2 3 4 5
45159,1 2 3 4 5
45166,1 2 3 4 5
45186,1 2 3 4 5
45212,1 2 3 4 5
45220,1 2 3 4 5
45228,1 2 3 4 5
45234,1 2 3 4 5
45237,1 2 3 4 5
45238,1 2 3 4 5
45243,1 2 3 4 5
45276,1 2 3 4 5
45291,1 2 3 4 5
45293,1 2 3 4 5
45298,1 2 3 4 5
45307,1 2 3 4 5
45313,1 2 3 4 5
45319,1 2 3 4 5
45324,1 2 3 4 5
45333,1 2 3 4 5
45349,1 2 3 4 5
45350,1 2 3 4 5
45352,1 2 3 4 5
45356,1 2 3 4 5
45359,1 2 3 4 5
45360,1 2 3 4 5
45366,1 2 3 4 5
45372,1 2 3 4 5
45407,1 2 3 4 5
45413,1 2 3 4 5
45419,1 2 3 4 5
45431,1 2 3 4 5
45433,1 2 3 4 5
45455,1 2 3 4 5
45483,1 2 3 4 5
45488,1 2 3 4 5
45491,1 2 3 4 5
45495,1 2 3 4 5
45504,1 2 3 4 5
45510,1 2 3 4 5
45511,1 2 3 4 5
45521,1 2 3 4 5
45522,1 2 3 4 5
45538,1 2 3 4 5
45544,1 2 3 4 5
45559,1 2 3 4 5
45560,1 2 3 4 5
45567,1 2 3 4 5
45571,1 2 3 4 5
45574,1 2 3 4 5
45596,1 2 3 4 5
45610,1 2 3 4 5
45616,1 2 3 4 5
45628,1 2 3 4 5
45631,1 2 3 4 5
45634,1 2 3 4 5
45636,1 2 3 4 5
45661,1 2 3 4 5
45663,1 2 3 4 5
45673,1 2 3 4 5
45686,1 2 3 4 5
45688,1 2 3 4 5
45690,1 2 3 4 5
45702,1 2 3 4 5
45721,1 2 3 4 5
45729,1 2 3 4 5
45747,1 2 3 4 5
45767,1 2 3 4 5
45768,1 2 3 4 5
45773,1 2 3 4 5
45779,1 2 3 4 5
45785,1 2 3 4 5
45790,1 2 3 4 5
45797,1 2 3 4 5
45799,1 2 3 4 5
45805,1 2 3 4 5
45810,1 2 3 4 5
45811,1 2 3 4 5
45821,1 2 3 4 5
45833,1 2 3 4 5
45844,1 2 3 4 5
45849,1 2 3 4 5
45854,1 2 3 4 5
45856,1 2 3 4 5
45866,1 2 3 4 5
45875,1 2 3 4 5
45876,1 2 3 4 5
45878,1 2 3 4 5
45883,1 2 3 4 5
45903,1 2 3 4 5
45912,1 2 3 4 5
45926,1 2 3 4 5
45932,1 2 3 4 5
45935,1 2 3 4 5
45936,1 2 3 4 5
45938,1 2 3 4 5
45946,1 2 3 4 5
45951,1 2 3 4 5
45952,1 2 3 4 5
45989,1 2 3 4 5
45999,1 2 3 4 5
46006,1 2 3 4 5
46007,1 2 3 4 5
46008,1 2 3 4 5
46020,1 2 3 4 5
46040,1 2 3 4 5
46051,1 2 3 4 5
46052,1 2 3 4 5
46057,1 2 3 4 5
46061,1 2 3 4 5
46064,1 2 3 4 5
46066,1 2 3 4 5
46067,1 2 3 4 5
46071,1 2 3 4 5
46074,1 2 3 4 5
46076,1 2 3 4 5
46083,1 2 3 4 5
46086,1 2 3 4 5
46102,1 2 3 4 5
46107,1 2 3 4 5
46109,1 2 3 4 5
46110,1 2 3 4 5
46121,1 2 3 4 5
46132,1 2 3 4 5
46133,1 2 3 4 5
46141,1 2 3 4 5
46145,1 2 3 4 5
46152,1 2 3 4 5
46160,1 2 3 4 5
46166,1 2 3 4 5
46172,1 2 3 4 5
46199,1 2 3 4 5
46215,1 2 3 4 5
46219,1 2 3 4 5
46247,1 2 3 4 5
46250,1 2 3 4 5
46252,1 2 3 4 5
46254,1 2 3 4 5
46263,1 2 3 4 5
46268,1 2 3 4 5
46271,1 2 3 4 5
46283,1 2 3 4 5
46284,1 2 3 4 5
46289,1 2 3 4 5
46290,1 2 3 4 5
46292,1 2 3 4 5
46294,1 2 3 4 5
46298,1 2 3 4 5
46301,1 2 3 4 5
46304,1 2 3 4 5
46312,1 2 3 4 5
46322,1 2 3 4 5
46337,1 2 3 4 5
46348,1 2 3 4 5
46351,1 2 3 4 5
46353,1 2 3 4 5
46357,1 2 3 4 5
46360,1 2 3 4 5
46375,1 2 3 4 5
46392,1 2 3 4 5
46406,1 2 3 4 5
46419,1 2 3 4 5
46433,1 2 3 4 5
46451,1 2 3 4 5
46458,1 2 3 4 5
46487,1 2 3 4 5
46504,1 2 3 4 5
46511,1 2 3 4 5
46517,1 2 3 4 5
46524,1 2 3 4 5
46530,1 2 3 4 5
46538,1 2 3 4 5
46539,1 2 3 4 5
46542,1 2 3 4 5
46547,1 2 3 4 5
46555,1 2 3 4 5
46560,1 2 3 4 5
46563,1 2 3 4 5
46564,1 2 3 4 5
46569,1 2 3 4 5
46573,1 2 3 4 5
46586,1 2 3 4 5
46591,1 2 3 4 5
46614,1 2 3 4 5
46619,1 2 3 4 5
46630,1 2 3 4 5
46634,1 2 3 4 5
46639,1 2 3 4 5
46644,1 2 3 4 5
46646,1 2 3 4 5
46648,1 2 3 4 5
46662,1 2 3 4 5
46671,1 2 3 4 5
46672,1 2 3 4 5
46674,1 2 3 4 5
46677,1 2 3 4 5
46690,1 2 3 4 5
46701,1 2 3 4 5
46717,1 2 3 4 5
46718,1 2 3 4 5
46737,1 2 3 4 5
46742,1 2 3 4 5
46754,1 2 3 4 5
46757,1 2 3 4 5
46758,1 2 3 4 5
46762,1 2 3 4 5
46765,1 2 3 4 5
46789,1 2 3 4 5
46797,1 2 3 4 5
46801,1 2 3 4 5
46806,1 2 3 4 5
46811,1 2 3 4 5
46827,1 2 3 4 5
46829,1 2 3 4 5
46836,1 2 3 4 5
46854,1 2 3 4 5
46857,1 2 3 4 5
46859,1 2 3 4 5
46883,1 2 3 4 5
46892,1 2 3 4 5
46896,1 2 3 4 5
46897,1 2 3 4 5
46898,1 2 3 4 5
46899,1 2 3 4 5
46908,1 2 3 4 5
46909,1 2 3 4 5
46917,1 2 3 4 5
46919,1 2 3 4 5
46927,1 2 3 4 5
46932,1 2 3 4 5
46943,1 2 3 4 5
46946,1 2 3 4 5
46959,1 2 3 4 5
46967,1 2 3 4 5
46974,1 2 3 4 5
46982,1 2 3 4 5
46984,1 2 3 4 5
46986,1 2 3 4 5
46990,1 2 3 4 5
46991,1 2 3 4 5
46996,1 2 3 4 5
47005,1 2 3 4 5
47010,1 2 3 4 5
47027,1 2 3 4 5
47056,1 2 3 4 5
47059,1 2 3 4 5
47077,1 2 3 4 5
47092,1 2 3 4 5
47098,1 2 3 4 5
47101,1 2 3 4 5
47109,1 2 3 4 5
47112,1 2 3 4 5
47115,1 2 3 4 5
47124,1 2 3 4 5
47128,1 2 3 4 5
47131,1 2 3 4 5
47146,1 2 3 4 5
47149,1 2 3 4 5
47150,1 2 3 4 5
47159,1 2 3 4 5
47166,1 2 3 4 5
47188,1 2 3 4 5
47202,1 2 3 4 5
47206,1 2 3 4 5
47216,1 2 3 4 5
47237,1 2 3 4 5
47241,1 2 3 4 5
47244,1 2 3 4 5
47253,1 2 3 4 5
47254,1 2 3 4 5
47257,1 2 3 4 5
47261,1 2 3 4 5
47266,1 2 3 4 5
47277,1 2 3 4 5
47284,1 2 3 4 5
47285,1 2 3 4 5
47289,1 2 3 4 5
47305,1 2 3 4 5
47315,1 2 3 4 5
47323,1 2 3 4 5
47331,1 2 3 4 5
47336,1 2 3 4 5
47340,1 2 3 4 5
47353,1 2 3 4 5
47358,1 2 3 4 5
47366,1 2 3 4 5
47368,1 2 3 4 5
47380,1 2 3 4 5
47386,1 2 3 4 5
47394,1 2 3 4 5
47399,1 2 3 4 5
47416,1 2 3 4 5
47430,1 2 3 4 5
47449,1 2 3 4 5
47456,1 2 3 4 5
47462,1 2 3 4 5
47474,1 2 3 4 5
47492,1 2 3 4 5
47499,1 2 3 4 5
47506,1 2 3 4 5
47510,1 2 3 4 5
47525,1 2 3 4 5
47526,1 2 3 4 5
47530,1 2 3 4 5
47532,1 2 3 4 5
47538,1 2 3 4 5
47546,1 2 3 4 5
47547,1 2 3 4 5
47548,1 2 3 4 5
47551,1 2 3 4 5
47566,1 2 3 4 5
47575,1 2 3 4 5
47577,1 2 3 4 5
47581,1 2 3 4 5
47584,1 2 3 4 5
47588,1 2 3 4 5
47589,1 2 3 4 5
47625,1 2 3 4 5
47640,1 2 3 4 5
47644,1 2 3 4 5
47665,1 2 3 4 5
47681,1 2 3 4 5
47685,1 2 3 4 5
47687,1 2 3 4 5
47690,1 2 3 4 5
47691,1 2 3 4 5
47702,1 2 3 4 5
47708,1 2 3 4 5
47723,1 2 3 4 5
47728,1 2 3 4 5
47732,1 2 3 4 5
47733,1 2 3 4 5
47751,1 2 3 4 5
47754,1 2 3 4 5
47761,1 2 3 4 5
47763,1 2 3 4 5
47774,1 2 3 4 5
47775,1 2 3 4 5
47777,1 2 3 4 5
47778,1 2 3 4 5
47780,1 2 3 4 5
47783,1 2 3 4 5
47785,1 2 3 4 5
47795,1 2 3 4 5
47808,1 2 3 4 5
47813,1 2 3 4 5
47827,1 2 3 4 5
47830,1 2 3 4 5
47832,1 2 3 4 5
47838,1 2 3 4 5
47844,1 2 3 4 5
47848,1 2 3 4 5
47852,1 2 3 4 5
47864,1 2 3 4 5
47875,1 2 3 4 5
47888,1 2 3 4 5
47892,1 2 3 4 5
47897,1 2 3 4 5
47898,1 2 3 4 5
47905,1 2 3 4 5
47909,1 2 3 4 5
47917,1 2 3 4 5
47939,1 2 3 4 5
47946,1 2 3 4 5
47961,1 2 3 4 5
47967,1 2 3 4 5
47968,1 2 3 4 5
47977,1 2 3 4 5
47988,1 2 3 4 5
47990,1 2 3 4 5
48007,1 2 3 4 5
48009,1 2 3 4 5
48012,1 2 3 4 5
48015,1 2 3 4 5
48016,1 2 3 4 5
48022,1 2 3 4 5
48024,1 2 3 4 5
48026,1 2 3 4 5
48031,1 2 3 4 5
48034,1 2 3 4 5
48045,1 2 3 4 5
48054,1 2 3 4 5
48064,1 2 3 4 5
48069,1 2 3 4 5
48081,1 2 3 4 5
48084,1 2 3 4 5
48094,1 2 3 4 5
48099,1 2 3 4 5
48121,1 2 3 4 5
48124,1 2 3 4 5
48129,1 2 3 4 5
48133,1 2 3 4 5
48135,1 2 3 4 5
48136,1 2 3 4 5
48138,1 2 3 4 5
48143,1 2 3 4 5
48160,1 2 3 4 5
48164,1 2 3 4 5
48167,1 2 3 4 5
48184,1 2 3 4 5
48193,1 2 3 4 5
48199,1 2 3 4 5
48214,1 2 3 4 5
48218,1 2 3 4 5
48229,1 2 3 4 5
48235,1 2 3 4 5
48255,1 2 3 4 5
48261,1 2 3 4 5
48273,1 2 3 4 5
48279,1 2 3 4 5
48288,1 2 3 4 5
48290,1 2 3 4 5
48298,1 2 3 4 5
48308,1 2 3 4 5
48324,1 2 3 4 5
48332,1 2 3 4 5
48336,1 2 3 4 5
48342,1 2 3 4 5
48345,1 2 3 4 5
48350,1 2 3 4 5
48355,1 2 3 4 5
48361,1 2 3 4 5
48381,1 2 3 4 5
48382,1 2 3 4 5
48387,1 2 3 4 5
48419,1 2 3 4 5
48423,1 2 3 4 5
48437,1 2 3 4 5
48438,1 2 3 4 5
48439,1 2 3 4 5
48444,1 2 3 4 5
48453,1 2 3 4 5
48477,1 2 3 4 5
48482,1 2 3 4 5
48494,1 2 3 4 5
48499,1 2 3 4 5
48500,1 2 3 4 5
48504,1 2 3 4 5
48506,1 2 3 4 5
48507,1 2 3 4 5
48517,1 2 3 4 5
48520,1 2 3 4 5
48537,1 2 3 4 5
48538,1 2 3 4 5
48539,1 2 3 4 5
48542,1 2 3 4 5
48548,1 2 3 4 5
48549,1 2 3 4 5
48554,1 2 3 4 5
48558,1 2 3 4 5
48569,1 2 3 4 5
48571,1 2 3 4 5
48574,1 2 3 4 5
48579,1 2 3 4 5
48581,1 2 3 4 5
48586,1 2 3 4 5
48588,1 2 3 4 5
48594,1 2 3 4 5
48598,1 2 3 4 5
48611,1 2 3 4 5
48621,1 2 3 4 5
48624,1 2 3 4 5
48625,1 2 3 4 5
48626,1 2 3 4 5
48632,1 2 3 4 5
48635,1 2 3 4 5
48643,1 2 3 4 5
48647,1 2 3 4 5
48648,1 2 3 4 5
48658,1 2 3 4 5
48678,1 2 3 4 5
48698,1 2 3 4 5
48720,1 2 3 4 5
48724,1 2 3 4 5
48736,1 2 3 4 5
48745,1 2 3 4 5
48770,1 2 3 4 5
48773,1 2 3 4 5
48778,1 2 3 4 5
48783,1 2 3 4 5
48799,1 2 3 4 5
48800,1 2 3 4 5
48808,1 2 3 4 5
48816,1 2 3 4 5
48822,1 2 3 4 5
48837,1 2 3 4 5
48862,1 2 3 4 5
48872,1 2 3 4 5
48873,1 2 3 4 5
48877,1 2 3 4 5
48897,1 2 3 4 5
48900,1 2 3 4 5
48910,1 2 3 4 5
48911,1 2 3 4 5
48918,1 2 3 4 5
48921,1 2 3 4 5
48927,1 2 3 4 5
48972,1 2 3 4 5
48990,1 2 3 4 5
48991,1 2 3 4 5
49001,1 2 3 4 5
49007,1 2 3 4 5
49012,1 2 3 4 5
49013,1 2 3 4 5
49025,1 2 3 4 5
49028,1 2 3 4 5
49030,1 2 3 4 5
49038,1 2 3 4 5
49040,1 2 3 4 5
49041,1 2 3 4 5
49049,1 2 3 4 5
49050,1 2 3 4 5
49057,1 2 3 4 5
49067,1 2 3 4 5
49069,1 2 3 4 5
49073,1 2 3 4 5
49079,1 2 3 4 5
49081,1 2 3 4 5
49089,1 2 3 4 5
49093,1 2 3 4 5
49099,1 2 3 4 5
49104,1 2 3 4 5
49107,1 2 3 4 5
49111,1 2 3 4 5
49112,1 2 3 4 5
49113,1 2 3 4 5
49117,1 2 3 4 5
49130,1 2 3 4 5
49144,1 2 3 4 5
49149,1 2 3 4 5
49199,1 2 3 4 5
49210,1 2 3 4 5
49216,1 2 3 4 5
49222,1 2 3 4 5
49230,1 2 3 4 5
49233,1 2 3 4 5
49247,1 2 3 4 5
49248,1 2 3 4 5
49250,1 2 3 4 5
49252,1 2 3 4 5
49253,1 2 3 4 5
49257,1 2 3 4 5
49260,1 2 3 4 5
49262,1 2 3 4 5
49265,1 2 3 4 5
49268,1 2 3 4 5
49273,1 2 3 4 5
49282,1 2 3 4 5
49283,1 2 3 4 5
49284,1 2 3 4 5
49285,1 2 3 4 5
49286,1 2 3 4 5
49300,1 2 3 4 5
49306,1 2 3 4 5
49307,1 2 3 4 5
49310,1 2 3 4 5
49336,1 2 3 4 5
49338,1 2 3 4 5
49355,1 2 3 4 5
49357,1 2 3 4 5
49359,1 2 3 4 5
49364,1 2 3 4 5
49370,1 2 3 4 5
49381,1 2 3 4 5
49387,1 2 3 4 5
49389,1 2 3 4 5
49395,1 2 3 4 5
49404,1 2 3 4 5
49430,1 2 3 4 5
49446,1 2 3 4 5
49454,1 2 3 4 5
49474,1 2 3 4 5
49478,1 2 3 4 5
49484,1 2 3 4 5
49488,1 2 3 4 5
49493,1 2 3 4 5
49495,1 2 3 4 5
49497,1 2 3 4 5
49498,1 2 3 4 5
49500,1 2 3 4 5
49528,1 2 3 4 5
49532,1 2 3 4 5
49535,1 2 3 4 5
49539,1 2 3 4 5
49543,1 2 3 4 5
49545,1 2 3 4 5
49553,1 2 3 4 5
49561,1 2 3 4 5
49567,1 2 3 4 5
49568,1 2 3 4 5
49594,1 2 3 4 5
49602,1 2 3 4 5
49605,1 2 3 4 5
49606,1 2 3 4 5
49607,1 2 3 4 5
49620,1 2 3 4 5
49631,1 2 3 4 5
49652,1 2 3 4 5
49681,1 2 3 4 5
49682,1 2 3 4 5
49694,1 2 3 4 5
49707,1 2 3 4 5
49718,1 2 3 4 5
49719,1 2 3 4 5
49724,1 2 3 4 5
49731,1 2 3 4 5
49740,1 2 3 4 5
49746,1 2 3 4 5
49764,1 2 3 4 5
49776,1 2 3 4 5
49786,1 2 3 4 5
49788,1 2 3 4 5
49792,1 2 3 4 5
49793,1 2 3 4 5
49802,1 2 3 4 5
49809,1 2 3 4 5
49810,1 2 3 4 5
49821,1 2 3 4 5
49829,1 2 3 4 5
49838,1 2 3 4 5
49851,1 2 3 4 5
49852,1 2 3 4 5
49854,1 2 3 4 5
49860,1 2 3 4 5
49865,1 2 3 4 5
49866,1 2 3 4 5
49871,1 2 3 4 5
49875,1 2 3 4 5
49879,1 2 3 4 5
49883,1 2 3 4 5
49904,1 2 3 4 5
49906,1 2 3 4 5
49940,1 2 3 4 5
49952,1 2 3 4 5
49953,1 2 3 4 5
49954,1 2 3 4 5
49955,1 2 3 4 5
49960,1 2 3 4 5
49971,1 2 3 4 5
49987,1 2 3 4 5
49995,1 2 3 4 5
49996,1 2 3 4 5
50002,1 2 3 4 5
50009,1 2 3 4 5
50011,1 2 3 4 5
50013,1 2 3 4 5
50020,1 2 3 4 5
50034,1 2 3 4 5
50044,1 2 3 4 5
50046,1 2 3 4 5
50055,1 2 3 4 5
50068,1 2 3 4 5
50071,1 2 3 4 5
50076,1 2 3 4 5
50089,1 2 3 4 5
50090,1 2 3 4 5
50105,1 2 3 4 5
50107,1 2 3 4 5
50140,1 2 3 4 5
50155,1 2 3 4 5
50158,1 2 3 4 5
50160,1 2 3 4 5
50169,1 2 3 4 5
50173,1 2 3 4 5
50180,1 2 3 4 5
50190,1 2 3 4 5
50201,1 2 3 4 5
50204,1 2 3 4 5
50212,1 2 3 4 5
50227,1 2 3 4 5
50230,1 2 3 4 5
50240,1 2 3 4 5
50241,1 2 3 4 5
50269,1 2 3 4 5
50286,1 2 3 4 5
50310,1 2 3 4 5
50313,1 2 3 4 5
50314,1 2 3 4 5
50322,1 2 3 4 5
50326,1 2 3 4 5
50327,1 2 3 4 5
50328,1 2 3 4 5
50337,1 2 3 4 5
50343,1 2 3 4 5
50344,1 2 3 4 5
50366,1 2 3 4 5
50372,1 2 3 4 5
50373,1 2 3 4 5
50383,1 2 3 4 5
50391,1 2 3 4 5
50392,1 2 3 4 5
50398,1 2 3 4 5
50403,1 2 3 4 5
50404,1 2 3 4 5
50409,1 2 3 4 5
50415,1 2 3 4 5
50424,1 2 3 4 5
50425,1 2 3 4 5
50450,1 2 3 4 5
50455,1 2 3 4 5
50460,1 2 3 4 5
50461,1 2 3 4 5
50468,1 2 3 4 5
50478,1 2 3 4 5
50482,1 2 3 4 5
50497,1 2 3 4 5
50503,1 2 3 4 5
50509,1 2 3 4 5
50510,1 2 3 4 5
50517,1 2 3 4 5
50521,1 2 3 4 5
50534,1 2 3 4 5
50537,1 2 3 4 5
50550,1 2 3 4 5
50556,1 2 3 4 5
50567,1 2 3 4 5
50588,1 2 3 4 5
50593,1 2 3 4 5
50598,1 2 3 4 5
50599,1 2 3 4 5
50601,1 2 3 4 5
50628,1 2 3 4 5
50629,1 2 3 4 5
50635,1 2 3 4 5
50642,1 2 3 4 5
50643,1 2 3 4 5
50649,1 2 3 4 5
50654,1 2 3 4 5
50671,1 2 3 4 5
50676,1 2 3 4 5
50682,1 2 3 4 5
50701,1 2 3 4 5
50704,1 2 3 4 5
50707,1 2 3 4 5
50708,1 2 3 4 5
50723,1 2 3 4 5
50725,1 2 3 4 5
50728,1 2 3 4 5
50734,1 2 3 4 5
50736,1 2 3 4 5
50739,1 2 3 4 5
50744,1 2 3 4 5
50760,1 2 3 4 5
50768,1 2 3 4 5
50770,1 2 3 4 5
50775,1 2 3 4 5
50782,1 2 3 4 5
50790,1 2 3 4 5
50792,1 2 3 4 5
50793,1 2 3 4 5
50796,1 2 3 4 5
50797,1 2 3 4 5
50818,1 2 3 4 5
50860,1 2 3 4 5
50863,1 2 3 4 5
50873,1 2 3 4 5
50875,1 2 3 4 5
50879,1 2 3 4 5
50882,1 2 3 4 5
50904,1 2 3 4 5
50910,1 2 3 4 5
50911,1 2 3 4 5
50912,1 2 3 4 5
50917,1 2 3 4 5
50926,1 2 3 4 5
50927,1 2 3 4 5
50933,1 2 3 4 5
50935,1 2 3 4 5
50938,1 2 3 4 5
50942,1 2 3 4 5
50967,1 2 3 4 5
50976,1 2 3 4 5
50977,1 2 3 4 5
50979,1 2 3 4 5
50984,1 2 3 4 5
50992,1 2 3 4 5
51001,1 2 3 4 5
51009,1 2 3 4 5
51010,1 2 3 4 5
51018,1 2 3 4 5
51024,1 2 3 4 5
51038,1 2 3 4 5
51045,1 2 3 4 5
51052,1 2 3 4 5
51064,1 2 3 4 5
51065,1 2 3 4 5
51090,1 2 3 4 5
51119,1 2 3 4 5
51127,1 2 3 4 5
51131,1 2 3 4 5
51138,1 2 3 4 5
51143,1 2 3 4 5
51148,1 2 3 4 5
51166,1 2 3 4 5
51168,1 2 3 4 5
51170,1 2 3 4 5
51186,1 2 3 4 5
51188,1 2 3 4 5
51189,1 2 3 4 5
51192,1 2 3 4 5
51196,1 2 3 4 5
51202,1 2 3 4 5
51207,1 2 3 4 5
51208,1 2 3 4 5
51209,1 2 3 4 5
51210,1 2 3 4 5
51212,1 2 3 4 5
51227,1 2 3 4 5
51228,1 2 3 4 5
51238,1 2 3 4 5
51243,1 2 3 4 5
51248,1 2 3 4 5
51249,1 2 3 4 5
51257,1 2 3 4 5
51263,1 2 3 4 5
51268,1 2 3 4 5
51270,1 2 3 4 5
51272,1 2 3 4 5
51286,1 2 3 4 5
51295,1 2 3 4 5
51302,1 2 3 4 5
51320,1 2 3 4 5
51329,1 2 3 4 5
51331,1 2 3 4 5
51332,1 2 3 4 5
51336,1 2 3 4 5
51354,1 2 3 4 5
51363,1 2 3 4 5
51373,1 2 3 4 5
51390,1 2 3 4 5
51398,1 2 3 4 5
51401,1 2 3 4 5
51404,1 2 3 4 5
51406,1 2 3 4 5
51414,1 2 3 4 5
51422,1 2 3 4 5
51441,1 2 3 4 5
51459,1 2 3 4 5
51461,1 2 3 4 5
51463,1 2 3 4 5
51471,1 2 3 4 5
51476,1 2 3 4 5
51477,1 2 3 4 5
51479,1 2 3 4 5
51482,1 2 3 4 5
51495,1 2 3 4 5
51524,1 2 3 4 5
51532,1 2 3 4 5
51541,1 2 3 4 5
51552,1 2 3 4 5
51555,1 2 3 4 5
51562,1 2 3 4 5
51568,1 2 3 4 5
51574,1 2 3 4 5
51576,1 2 3 4 5
51581,1 2 3 4 5
51582,1 2 3 4 5
51591,1 2 3 4 5
51592,1 2 3 4 5
51598,1 2 3 4 5
51601,1 2 3 4 5
51605,1 2 3 4 5
51613,1 2 3 4 5
51621,1 2 3 4 5
51629,1 2 3 4 5
51637,1 2 3 4 5
51642,1 2 3 4 5
51646,1 2 3 4 5
51651,1 2 3 4 5
51667,1 2 3 4 5
51677,1 2 3 4 5
51679,1 2 3 4 5
51680,1 2 3 4 5
51687,1 2 3 4 5
51692,1 2 3 4 5
51697,1 2 3 4 5
51700,1 2 3 4 5
51706,1 2 3 4 5
51717,1 2 3 4 5
51721,1 2 3 4 5
51725,1 2 3 4 5
51733,1 2 3 4 5
51734,1 2 3 4 5
51754,1 2 3 4 5
51756,1 2 3 4 5
51763,1 2 3 4 5
51764,1 2 3 4 5
51769,1 2 3 4 5
51772,1 2 3 4 5
51775,1 2 3 4 5
51782,1 2 3 4 5
51809,1 2 3 4 5
51822,1 2 3 4 5
51844,1 2 3 4 5
51849,1 2 3 4 5
51867,1 2 3 4 5
51874,1 2 3 4 5
51876,1 2 3 4 5
51879,1 2 3 4 5
51886,1 2 3 4 5
51889,1 2 3 4 5
51901,1 2 3 4 5
51904,1 2 3 4 5
51906,1 2 3 4 5
51913,1 2 3 4 5
51914,1 2 3 4 5
51919,1 2 3 4 5
51921,1 2 3 4 5
51945,1 2 3 4 5
51954,1 2 3 4 5
51968,1 2 3 4 5
51971,1 2 3 4 5
51972,1 2 3 4 5
51988,1 2 3 4 5
51998,1 2 3 4 5
52035,1 2 3 4 5
52038,1 2 3 4 5
52053,1 2 3 4 5
52064,1 2 3 4 5
52071,1 2 3 4 5
52080,1 2 3 4 5
52090,1 2 3 4 5
52096,1 2 3 4 5
52099,1 2 3 4 5
52109,1 2 3 4 5
52112,1 2 3 4 5
52124,1 2 3 4 5
52132,1 2 3 4 5
52145,1 2 3 4 5
52146,1 2 3 4 5
52155,1 2 3 4 5
52159,1 2 3 4 5
52162,1 2 3 4 5
52187,1 2 3 4 5
52188,1 2 3 4 5
52192,1 2 3 4 5
52197,1 2 3 4 5
52201,1 2 3 4 5
52203,1 2 3 4 5
52212,1 2 3 4 5
52218,1 2 3 4 5
52221,1 2 3 4 5
52223,1 2 3 4 5
52224,1 2 3 4 5
52226,1 2 3 4 5
52231,1 2 3 4 5
52234,1 2 3 4 5
52235,1 2 3 4 5
52236,1 2 3 4 5
52245,1 2 3 4 5
52246,1 2 3 4 5
52251,1 2 3 4 5
52262,1 2 3 4 5
52270,1 2 3 4 5
52275,1 2 3 4 5
52291,1 2 3 4 5
52295,1 2 3 4 5
52299,1 2 3 4 5
52301,1 2 3 4 5
52302,1 2 3 4 5
52305,1 2 3 4 5
52322,1 2 3 4 5
52323,1 2 3 4 5
52327,1 2 3 4 5
52332,1 2 3 4 5
52340,1 2 3 4 5
52353,1 2 3 4 5
52361,1 2 3 4 5
52375,1 2 3 4 5
52377,1 2 3 4 5
52382,1 2 3 4 5
52384,1 2 3 4 5
52385,1 2 3 4 5
52408,1 2 3 4 5
52424,1 2 3 4 5
52425,1 2 3 4 5
52426,1 2 3 4 5
52427,1 2 3 4 5
52438,1 2 3 4 5
52461,1 2 3 4 5
52464,1 2 3 4 5
52482,1 2 3 4 5
52488,1 2 3 4 5
52489,1 2 3 4 5
52493,1 2 3 4 5
52503,1 2 3 4 5
52522,1 2 3 4 5
52527,1 2 3 4 5
52531,1 2 3 4 5
52533,1 2 3 4 5
52552,1 2 3 4 5
52564,1 2 3 4 5
52568,1 2 3 4 5
52579,1 2 3 4 5
52585,1 2 3 4 5
52587,1 2 3 4 5
52595,1 2 3 4 5
52597,1 2 3 4 5
52601,1 2 3 4 5
52613,1 2 3 4 5
52637,1 2 3 4 5
52639,1 2 3 4 5
52653,1 2 3 4 5
52655,1 2 3 4 5
52670,1 2 3 4 5
52671,1 2 3 4 5
52681,1 2 3 4 5
52684,1 2 3 4 5
52691,1 2 3 4 5
52698,1 2 3 4 5
52699,1 2 3 4 5
52701,1 2 3 4 5
52704,1 2 3 4 5
52708,1 2 3 4 5
52714,1 2 3 4 5
52722,1 2 3 4 5
52725,1 2 3 4 5
52734,1 2 3 4 5
52736,1 2 3 4 5
52739,1 2 3 4 5
52745,1 2 3 4 5
52756,1 2 3 4 5
52760,1 2 3 4 5
52770,1 2 3 4 5
52783,1 2 3 4 5
52794,1 2 3 4 5
52795,1 2 3 4 5
52805,1 2 3 4 5
52806,1 2 3 4 5
52815,1 2 3 4 5
52818,1 2 3 4 5
52822,1 2 3 4 5
52839,1 2 3 4 5
52867,1 2 3 4 5
52868,1 2 3 4 5
52869,1 2 3 4 5
52870,1 2 3 4 5
52878,1 2 3 4 5
52879,1 2 3 4 5
52900,1 2 3 4 5
52908,1 2 3 4 5
52917,1 2 3 4 5
52927,1 2 3 4 5
52935,1 2 3 4 5
52940,1 2 3 4 5
52951,1 2 3 4 5
52967,1 2 3 4 5
52976,1 2 3 4 5
52988,1 2 3 4 5
52989,1 2 3 4 5
52993,1 2 3 4 5
52999,1 2 3 4 5
53022,1 2 3 4 5
53024,1 2 3 4 5
53027,1 2 3 4 5
53030,1 2 3 4 5
53037,1 2 3 4 5
53053,1 2 3 4 5
53058,1 2 3 4 5
53076,1 2 3 4 5
53079,1 2 3 4 5
53084,1 2 3 4 5
53091,1 2 3 4 5
53094,1 2 3 4 5
53100,1 2 3 4 5
53101,1 2 3 4 5
53103,1 2 3 4 5
53104,1 2 3 4 5
53115,1 2 3 4 5
53118,1 2 3 4 5
53122,1 2 3 4 5
53133,1 2 3 4 5
53137,1 2 3 4 5
53173,1 2 3 4 5
53177,1 2 3 4 5
53178,1 2 3 4 5
53180,1 2 3 4 5
53208,1 2 3 4 5
53224,1 2 3 4 5
53228,1 2 3 4 5
53229,1 2 3 4 5
53232,1 2 3 4 5
53240,1 2 3 4 5
53248,1 2 3 4 5
53254,1 2 3 4 5
53256,1 2 3 4 5
53258,1 2 3 4 5
53260,1 2 3 4 5
53263,1 2 3 4 5
53268,1 2 3 4 5
53291,1 2 3 4 5
53305,1 2 3 4 5
53307,1 2 3 4 5
53321,1 2 3 4 5
53327,1 2 3 4 5
53331,1 2 3 4 5
53340,1 2 3 4 5
53342,1 2 3 4 5
53345,1 2 3 4 5
53346,1 2 3 4 5
53347,1 2 3 4 5
53357,1 2 3 4 5
53362,1 2 3 4 5
53364,1 2 3 4 5
53370,1 2 3 4 5
53376,1 2 3 4 5
53378,1 2 3 4 5
53380,1 2 3 4 5
53383,1 2 3 4 5
53386,1 2 3 4 5
53400,1 2 3 4 5
53401,1 2 3 4 5
53408,1 2 3 4 5
53409,1 2 3 4 5
53411,1 2 3 4 5
53427,1 2 3 4 5
53435,1 2 3 4 5
53443,1 2 3 4 5
53445,1 2 3 4 5
53450,1 2 3 4 5
53471,1 2 3 4 5
53495,1 2 3 4 5
53500,1 2 3 4 5
53503,1 2 3 4 5
53506,1 2 3 4 5
53555,1 2 3 4 5
53556,1 2 3 4 5
53557,1 2 3 4 5
53561,1 2 3 4 5
53563,1 2 3 4 5
53582,1 2 3 4 5
53602,1 2 3 4 5
53606,1 2 3 4 5
53607,1 2 3 4 5
53612,1 2 3 4 5
53631,1 2 3 4 5
53632,1 2 3 4 5
53642,1 2 3 4 5
53643,1 2 3 4 5
53648,1 2 3 4 5
53659,1 2 3 4 5
53662,1 2 3 4 5
53676,1 2 3 4 5
53688,1 2 3 4 5
53691,1 2 3 4 5
53697,1 2 3 4 5
53707,1 2 3 4 5
53715,1 2 3 4 5
53716,1 2 3 4 5
53725,1 2 3 4 5
53729,1 2 3 4 5
53741,1 2 3 4 5
53754,1 2 3 4 5
53755,1 2 3 4 5
53759,1 2 3 4 5
53770,1 2 3 4 5
53773,1 2 3 4 5
53784,1 2 3 4 5
53794,1 2 3 4 5
53815,1 2 3 4 5
53821,1 2 3 4 5
53830,1 2 3 4 5
53831,1 2 3 4 5
53843,1 2 3 4 5
53856,1 2 3 4 5
53861,1 2 3 4 5
53865,1 2 3 4 5
53866,1 2 3 4 5
53870,1 2 3 4 5
53873,1 2 3 4 5
53880,1 2 3 4 5
53882,1 2 3 4 5
53885,1 2 3 4 5
53889,1 2 3 4 5
53892,1 2 3 4 5
53905,1 2 3 4 5
53906,1 2 3 4 5
53909,1 2 3 4 5
53911,1 2 3 4 5
53914,1 2 3 4 5
53919,1 2 3 4 5
53923,1 2 3 4 5
53924,1 2 3 4 5
53927,1 2 3 4 5
53942,1 2 3 4 5
53947,1 2 3 4 5
53954,1 2 3 4 5
53965,1 2 3 4 5
53967,1 2 3 4 5
53970,1 2 3 4 5
53979,1 2 3 4 5
53993,1 2 3 4 5
54007,1 2 3 4 5
54023,1 2 3 4 5
54028,1 2 3 4 5
54033,1 2 3 4 5
54038,1 2 3 4 5
54042,1 2 3 4 5
54049,1 2 3 4 5
54057,1 2 3 4 5
54058,1 2 3 4 5
54061,1 2 3 4 5
54069,1 2 3 4 5
54073,1 2 3 4 5
54076,1 2 3 4 5
54080,1 2 3 4 5
54087,1 2 3 4 5
54100,1 2 3 4 5
54104,1 2 3 4 5
54106,1 2 3 4 5
54109,1 2 3 4 5
54117,1 2 3 4 5
54127,1 2 3 4 5
54128,1 2 3 4 5
54138,1 2 3 4 5
54139,1 2 3 4 5
54143,1 2 3 4 5
54144,1 2 3 4 5
54153,1 2 3 4 5
54161,1 2 3 4 5
54166,1 2 3 4 5
54168,1 2 3 4 5
54175,1 2 3 4 5
54193,1 2 3 4 5
54215,1 2 3 4 5
54217,1 2 3 4 5
54231,1 2 3 4 5
54238,1 2 3 4 5
54250,1 2 3 4 5
54266,1 2 3 4 5
54274,1 2 3 4 5
54275,1 2 3 4 5
54276,1 2 3 4 5
54277,1 2 3 4 5
54280,1 2 3 4 5
54282,1 2 3 4 5
54292,1 2 3 4 5
54293,1 2 3 4 5
54298,1 2 3 4 5
54313,1 2 3 4 5
54330,1 2 3 4 5
54343,1 2 3 4 5
54348,1 2 3 4 5
54350,1 2 3 4 5
54353,1 2 3 4 5
54354,1 2 3 4 5
54357,1 2 3 4 5
54361,1 2 3 4 5
54366,1 2 3 4 5
54367,1 2 3 4 5
54368,1 2 3 4 5
54387,1 2 3 4 5
54397,1 2 3 4 5
54403,1 2 3 4 5
54414,1 2 3 4 5
54416,1 2 3 4 5
54426,1 2 3 4 5
54455,1 2 3 4 5
54463,1 2 3 4 5
54479,1 2 3 4 5
54483,1 2 3 4 5
54484,1 2 3 4 5
54489,1 2 3 4 5
54495,1 2 3 4 5
54515,1 2 3 4 5
54528,1 2 3 4 5
54532,1 2 3 4 5
54535,1 2 3 4 5
54545,1 2 3 4 5
54554,1 2 3 4 5
54558,1 2 3 4 5
54567,1 2 3 4 5
54582,1 2 3 4 5
54597,1 2 3 4 5
54603,1 2 3 4 5
54610,1 2 3 4 5
54612,1 2 3 4 5
54627,1 2 3 4 5
54630,1 2 3 4 5
54634,1 2 3 4 5
54635,1 2 3 4 5
54645,1 2 3 4 5
54646,1 2 3 4 5
54653,1 2 3 4 5
54658,1 2 3 4 5
54667,1 2 3 4 5
54668,1 2 3 4 5
54672,1 2 3 4 5
54674,1 2 3 4 5
54675,1 2 3 4 5
54681,1 2 3 4 5
54697,1 2 3 4 5
54700,1 2 3 4 5
54701,1 2 3 4 5
54707,1 2 3 4 5
54708,1 2 3 4 5
54715,1 2 3 4 5
54734,1 2 3 4 5
54735,1 2 3 4 5
54737,1 2 3 4 5
54745,1 2 3 4 5
54749,1 2 3 4 5
54750,1 2 3 4 5
54752,1 2 3 4 5
54756,1 2 3 4 5
54769,1 2 3 4 5
54784,1 2 3 4 5
54802,1 2 3 4 5
54808,1 2 3 4 5
54815,1 2 3 4 5
54816,1 2 3 4 5
54831,1 2 3 4 5
54840,1 2 3 4 5
54845,1 2 3 4 5
54850,1 2 3 4 5
54853,1 2 3 4 5
54868,1 2 3 4 5
54876,1 2 3 4 5
54881,1 2 3 4 5
54884,1 2 3 4 5
54888,1 2 3 4 5
54895,1 2 3 4 5
54897,1 2 3 4 5
54900,1 2 3 4 5
54904,1 2 3 4 5
54908,1 2 3 4 5
54909,1 2 3 4 5
54913,1 2 3 4 5
54914,1 2 3 4 5
54915,1 2 3 4 5
54917,1 2 3 4 5
54947,1 2 3 4 5
54955,1 2 3 4 5
54956,1 2 3 4 5
54976,1 2 3 4 5
54977,1 2 3 4 5
54987,1 2 3 4 5
54998,1 2 3 4 5
55017,1 2 3 4 5
55020,1 2 3 4 5
55022,1 2 3 4 5
55027,1 2 3 4 5
55033,1 2 3 4 5
55035,1 2 3 4 5
55038,1 2 3 4 5
55054,1 2 3 4 5
55061,1 2 3 4 5
55079,1 2 3 4 5
55087,1 2 3 4 5
55091,1 2 3 4 5
55101,1 2 3 4 5
55108,1 2 3 4 5
55109,1 2 3 4 5
55123,1 2 3 4 5
55129,1 2 3 4 5
55140,1 2 3 4 5
55148,1 2 3 4 5
55151,1 2 3 4 5
55161,1 2 3 4 5
55163,1 2 3 4 5
55167,1 2 3 4 5
55170,1 2 3 4 5
55177,1 2 3 4 5
55180,1 2 3 4 5
55203,1 2 3 4 5
55205,1 2 3 4 5
55212,1 2 3 4 5
55217,1 2 3 4 5
55220,1 2 3 4 5
55224,1 2 3 4 5
55238,1 2 3 4 5
55250,1 2 3 4 5
55263,1 2 3 4 5
55264,1 2 3 4 5
55266,1 2 3 4 5
55275,1 2 3 4 5
55277,1 2 3 4 5
55283,1 2 3 4 5
55285,1 2 3 4 5
55288,1 2 3 4 5
55290,1 2 3 4 5
55297,1 2 3 4 5
55304,1 2 3 4 5
55317,1 2 3 4 5
55319,1 2 3 4 5
55324,1 2 3 4 5
55326,1 2 3 4 5
55331,1 2 3 4 5
55345,1 2 3 4 5
55359,1 2 3 4 5
55363,1 2 3 4 5
55377,1 2 3 4 5
55382,1 2 3 4 5
55389,1 2 3 4 5
55390,1 2 3 4 5
55407,1 2 3 4 5
55409,1 2 3 4 5
55420,1 2 3 4 5
55423,1 2 3 4 5
55454,1 2 3 4 5
55455,1 2 3 4 5
55464,1 2 3 4 5
55486,1 2 3 4 5
55487,1 2 3 4 5
55488,1 2 3 4 5
55499,1 2 3 4 5
55517,1 2 3 4 5
55529,1 2 3 4 5
55549,1 2 3 4 5
55551,1 2 3 4 5
55559,1 2 3 4 5
55561,1 2 3 4 5
55566,1 2 3 4 5
55570,1 2 3 4 5
55574,1 2 3 4 5
55577,1 2 3 4 5
55580,1 2 3 4 5
55584,1 2 3 4 5
55588,1 2 3 4 5
55606,1 2 3 4 5
55615,1 2 3 4 5
55639,1 2 3 4 5
55641,1 2 3 4 5
55648,1 2 3 4 5
55654,1 2 3 4 5
55656,1 2 3 4 5
55657,1 2 3 4 5
55671,1 2 3 4 5
55684,1 2 3 4 5
55696,1 2 3 4 5
55705,1 2 3 4 5
55711,1 2 3 4 5
55713,1 2 3 4 5
55726,1 2 3 4 5
55728,1 2 3 4 5
55730,1 2 3 4 5
55746,1 2 3 4 5
55755,1 2 3 4 5
55759,1 2 3 4 5
55760,1 2 3 4 5
55761,1 2 3 4 5
55763,1 2 3 4 5
55782,1 2 3 4 5
55787,1 2 3 4 5
55797,1 2 3 4 5
55805,1 2 3 4 5
55809,1 2 3 4 5
55812,1 2 3 4 5
55822,1 2 3 4 5
55830,1 2 3 4 5
55834,1 2 3 4 5
55836,1 2 3 4 5
55838,1 2 3 4 5
55841,1 2 3 4 5
55847,1 2 3 4 5
55856,1 2 3 4 5
55860,1 2 3 4 5
55861,1 2 3 4 5
55896,1 2 3 4 5
55900,1 2 3 4 5
55907,1 2 3 4 5
55909,1 2 3 4 5
55912,1 2 3 4 5
55929,1 2 3 4 5
55937,1 2 3 4 5
55938,1 2 3 4 5
55943,1 2 3 4 5
55944,1 2 3 4 5
55946,1 2 3 4 5
55948,1 2 3 4 5
55953,1 2 3 4 5
55962,1 2 3 4 5
55963,1 2 3 4 5
55981,1 2 3 4 5
55982,1 2 3 4 5
55985,1 2 3 4 5
55992,1 2 3 4 5
55999,1 2 3 4 5
56003,1 2 3 4 5
56005,1 2 3 4 5
56007,1 2 3 4 5
56010,1 2 3 4 5
56011,1 2 3 4 5
56014,1 2 3 4 5
56015,1 2 3 4 5
56019,1 2 3 4 5
56023,1 2 3 4 5
56060,1 2 3 4 5
56071,1 2 3 4 5
56074,1 2 3 4 5
56075,1 2 3 4 5
56077,1 2 3 4 5
56079,1 2 3 4 5
56082,1 2 3 4 5
56089,1 2 3 4 5
56125,1 2 3 4 5
56132,1 2 3 4 5
56134,1 2 3 4 5
56137,1 2 3 4 5
56142,1 2 3 4 5
56147,1 2 3 4 5
56174,1 2 3 4 5
56179,1 2 3 4 5
56187,1 2 3 4 5
56196,1 2 3 4 5
56198,1 2 3 4 5
56206,1 2 3 4 5
56217,1 2 3 4 5
56231,1 2 3 4 5
56269,1 2 3 4 5
56275,1 2 3 4 5
56286,1 2 3 4 5
56297,1 2 3 4 5
56322,1 2 3 4 5
56325,1 2 3 4 5
56329,1 2 3 4 5
56334,1 2 3 4 5
56348,1 2 3 4 5
56351,1 2 3 4 5
56362,1 2 3 4 5
56364,1 2 3 4 5
56373,1 2 3 4 5
56374,1 2 3 4 5
56382,1 2 3 4 5
56385,1 2 3 4 5
56392,1 2 3 4 5
56396,1 2 3 4 5
56406,1 2 3 4 5
56408,1 2 3 4 5
56415,1 2 3 4 5
56416,1 2 3 4 5
56427,1 2 3 4 5
56431,1 2 3 4 5
56447,1 2 3 4 5
56451,1 2 3 4 5
56458,1 2 3 4 5
56464,1 2 3 4 5
56489,1 2 3 4 5
56496,1 2 3 4 5
56512,1 2 3 4 5
56518,1 2 3 4 5
56519,1 2 3 4 5
56532,1 2 3 4 5
56560,1 2 3 4 5
56563,1 2 3 4 5
56564,1 2 3 4 5
56567,1 2 3 4 5
56588,1 2 3 4 5
56589,1 2 3 4 5
56590,1 2 3 4 5
56604,1 2 3 4 5
56608,1 2 3 4 5
56613,1 2 3 4 5
56625,1 2 3 4 5
56639,1 2 3 4 5
56650,1 2 3 4 5
56651,1 2 3 4 5
56656,1 2 3 4 5
56665,1 2 3 4 5
56676,1 2 3 4 5
56693,1 2 3 4 5
56717,1 2 3 4 5
56745,1 2 3 4 5
56768,1 2 3 4 5
56781,1 2 3 4 5
56782,1 2 3 4 5
56793,1 2 3 4 5
56805,1 2 3 4 5
56815,1 2 3 4 5
56823,1 2 3 4 5
56827,1 2 3 4 5
56833,1 2 3 4 5
56849,1 2 3 4 5
56856,1 2 3 4 5
56857,1 2 3 4 5
56867,1 2 3 4 5
56872,1 2 3 4 5
56937,1 2 3 4 5
56939,1 2 3 4 5
56941,1 2 3 4 5
56952,1 2 3 4 5
56954,1 2 3 4 5
56959,1 2 3 4 5
56961,1 2 3 4 5
56964,1 2 3 4 5
56965,1 2 3 4 5
56971,1 2 3 4 5
56974,1 2 3 4 5
56980,1 2 3 4 5
56983,1 2 3 4 5
56989,1 2 3 4 5
56998,1 2 3 4 5
57010,1 2 3 4 5
57015,1 2 3 4 5
57023,1 2 3 4 5
57031,1 2 3 4 5
57033,1 2 3 4 5
57034,1 2 3 4 5
57052,1 2 3 4 5
57056,1 2 3 4 5
57057,1 2 3 4 5
57064,1 2 3 4 5
57077,1 2 3 4 5
57115,1 2 3 4 5
57122,1 2 3 4 5
57129,1 2 3 4 5
57131,1 2 3 4 5
57134,1 2 3 4 5
57148,1 2 3 4 5
57150,1 2 3 4 5
57151,1 2 3 4 5
57160,1 2 3 4 5
57165,1 2 3 4 5
57177,1 2 3 4 5
57178,1 2 3 4 5
57196,1 2 3 4 5
57204,1 2 3 4 5
57206,1 2 3 4 5
57208,1 2 3 4 5
57209,1 2 3 4 5
57211,1 2 3 4 5
57233,1 2 3 4 5
57247,1 2 3 4 5
57248,1 2 3 4 5
57250,1 2 3 4 5
57251,1 2 3 4 5
57261,1 2 3 4 5
57266,1 2 3 4 5
57275,1 2 3 4 5
57276,1 2 3 4 5
57286,1 2 3 4 5
57290,1 2 3 4 5
57301,1 2 3 4 5
57306,1 2 3 4 5
57309,1 2 3 4 5
57311,1 2 3 4 5
57312,1 2 3 4 5
57316,1 2 3 4 5
57317,1 2 3 4 5
57318,1 2 3 4 5
57322,1 2 3 4 5
57328,1 2 3 4 5
57347,1 2 3 4 5
57348,1 2 3 4 5
57352,1 2 3 4 5
57365,1 2 3 4 5
57367,1 2 3 4 5
57371,1 2 3 4 5
57385,1 2 3 4 5
57386,1 2 3 4 5
57388,1 2 3 4 5
57397,1 2 3 4 5
57402,1 2 3 4 5
57409,1 2 3 4 5
57411,1 2 3 4 5
57413,1 2 3 4 5
57423,1 2 3 4 5
57424,1 2 3 4 5
57432,1 2 3 4 5
57434,1 2 3 4 5
57447,1 2 3 4 5
57449,1 2 3 4 5
57452,1 2 3 4 5
57468,1 2 3 4 5
57482,1 2 3 4 5
57485,1 2 3 4 5
57503,1 2 3 4 5
57532,1 2 3 4 5
57547,1 2 3 4 5
57548,1 2 3 4 5
57559,1 2 3 4 5
57568,1 2 3 4 5
57577,1 2 3 4 5
57579,1 2 3 4 5
57588,1 2 3 4 5
57589,1 2 3 4 5
57596,1 2 3 4 5
57600,1 2 3 4 5
57605,1 2 3 4 5
57608,1 2 3 4 5
57618,1 2 3 4 5
57619,1 2 3 4 5
57622,1 2 3 4 5
57634,1 2 3 4 5
57640,1 2 3 4 5
57652,1 2 3 4 5
57653,1 2 3 4 5
57654,1 2 3 4 5
57659,1 2 3 4 5
57674,1 2 3 4 5
57687,1 2 3 4 5
57689,1 2 3 4 5
57691,1 2 3 4 5
57713,1 2 3 4 5
57716,1 2 3 4 5
57722,1 2 3 4 5
57723,1 2 3 4 5
57728,1 2 3 4 5
57730,1 2 3 4 5
57732,1 2 3 4 5
57756,1 2 3 4 5
57761,1 2 3 4 5
57775,1 2 3 4 5
57790,1 2 3 4 5
57791,1 2 3 4 5
57793,1 2 3 4 5
57805,1 2 3 4 5
57807,1 2 3 4 5
57813,1 2 3 4 5
57815,1 2 3 4 5
57828,1 2 3 4 5
57835,1 2 3 4 5
57836,1 2 3 4 5
57847,1 2 3 4 5
57848,1 2 3 4 5
57861,1 2 3 4 5
57865,1 2 3 4 5
57873,1 2 3 4 5
57877,1 2 3 4 5
57878,1 2 3 4 5
57886,1 2 3 4 5
57908,1 2 3 4 5
57917,1 2 3 4 5
57919,1 2 3 4 5
57931,1 2 3 4 5
57938,1 2 3 4 5
57949,1 2 3 4 5
57953,1 2 3 4 5
57971,1 2 3 4 5
57975,1 2 3 4 5
57982,1 2 3 4 5
57989,1 2 3 4 5
57995,1 2 3 4 5
58002,1 2 3 4 5
58018,1 2 3 4 5
58036,1 2 3 4 5
58044,1 2 3 4 5
58054,1 2 3 4 5
58057,1 2 3 4 5
58071,1 2 3 4 5
58089,1 2 3 4 5
58093,1 2 3 4 5
58098,1 2 3 4 5
58099,1 2 3 4 5
58103,1 2 3 4 5
58113,1 2 3 4 5
58116,1 2 3 4 5
58127,1 2 3 4 5
58135,1 2 3 4 5
58141,1 2 3 4 5
58145,1 2 3 4 5
58167,1 2 3 4 5
58173,1 2 3 4 5
58186,1 2 3 4 5
58187,1 2 3 4 5
58193,1 2 3 4 5
58196,1 2 3 4 5
58215,1 2 3 4 5
58219,1 2 3 4 5
58221,1 2 3 4 5
58233,1 2 3 4 5
58235,1 2 3 4 5
58236,1 2 3 4 5
58245,1 2 3 4 5
58246,1 2 3 4 5
58249,1 2 3 4 5
58266,1 2 3 4 5
58269,1 2 3 4 5
58288,1 2 3 4 5
58289,1 2 3 4 5
58297,1 2 3 4 5
58303,1 2 3 4 5
58308,1 2 3 4 5
58309,1 2 3 4 5
58314,1 2 3 4 5
58317,1 2 3 4 5
58320,1 2 3 4 5
58326,1 2 3 4 5
58328,1 2 3 4 5
58333,1 2 3 4 5
58334,1 2 3 4 5
58338,1 2 3 4 5
58340,1 2 3 4 5
58341,1 2 3 4 5
58349,1 2 3 4 5
58351,1 2 3 4 5
58363,1 2 3 4 5
58370,1 2 3 4 5
58372,1 2 3 4 5
58375,1 2 3 4 5
58384,1 2 3 4 5
58400,1 2 3 4 5
58403,1 2 3 4 5
58406,1 2 3 4 5
58416,1 2 3 4 5
58421,1 2 3 4 5
58425,1 2 3 4 5
58430,1 2 3 4 5
58433,1 2 3 4 5
58452,1 2 3 4 5
58471,1 2 3 4 5
58474,1 2 3 4 5
58502,1 2 3 4 5
58512,1 2 3 4 5
58529,1 2 3 4 5
58542,1 2 3 4 5
58543,1 2 3 4 5
58554,1 2 3 4 5
58560,1 2 3 4 5
58568,1 2 3 4 5
58573,1 2 3 4 5
58575,1 2 3 4 5
58588,1 2 3 4 5
58598,1 2 3 4 5
58609,1 2 3 4 5
58624,1 2 3 4 5
58639,1 2 3 4 5
58653,1 2 3 4 5
58657,1 2 3 4 5
58675,1 2 3 4 5
58680,1 2 3 4 5
58684,1 2 3 4 5
58699,1 2 3 4 5
58704,1 2 3 4 5
58713,1 2 3 4 5
58717,1 2 3 4 5
58728,1 2 3 4 5
58735,1 2 3 4 5
58745,1 2 3 4 5
58750,1 2 3 4 5
58757,1 2 3 4 5
58758,1 2 3 4 5
58767,1 2 3 4 5
58787,1 2 3 4 5
58793,1 2 3 4 5
58798,1 2 3 4 5
58799,1 2 3 4 5
58801,1 2 3 4 5
58822,1 2 3 4 5
58825,1 2 3 4 5
58829,1 2 3 4 5
58833,1 2 3 4 5
58842,1 2 3 4 5
58865,1 2 3 4 5
58870,1 2 3 4 5
58880,1 2 3 4 5
58910,1 2 3 4 5
58913,1 2 3 4 5
58925,1 2 3 4 5
58934,1 2 3 4 5
58935,1 2 3 4 5
58936,1 2 3 4 5
58957,1 2 3 4 5
58970,1 2 3 4 5
58985,1 2 3 4 5
59001,1 2 3 4 5
59018,1 2 3 4 5
59021,1 2 3 4 5
59026,1 2 3 4 5
59030,1 2 3 4 5
59031,1 2 3 4 5
59046,1 2 3 4 5
59047,1 2 3 4 5
59049,1 2 3 4 5
59054,1 2 3 4 5
59058,1 2 3 4 5
59071,1 2 3 4 5
59073,1 2 3 4 5
59081,1 2 3 4 5
59083,1 2 3 4 5
59094,1 2 3 4 5
59101,1 2 3 4 5
59106,1 2 3 4 5
59112,1 2 3 4 5
59117,1 2 3 4 5
59118,1 2 3 4 5
59126,1 2 3 4 5
59129,1 2 3 4 5
59135,1 2 3 4 5
59138,1 2 3 4 5
59144,1 2 3 4 5
59151,1 2 3 4 5
59154,1 2 3 4 5
59156,1 2 3 4 5
59177,1 2 3 4 5
59178,1 2 3 4 5
59187,1 2 3 4 5
59188,1 2 3 4 5
59194,1 2 3 4 5
59195,1 2 3 4 5
59197,1 2 3 4 5
59200,1 2 3 4 5
59208,1 2 3 4 5
59217,1 2 3 4 5
59218,1 2 3 4 5
59220,1 2 3 4 5
59225,1 2 3 4 5
59233,1 2 3 4 5
59236,1 2 3 4 5
59242,1 2 3 4 5
59277,1 2 3 4 5
59278,1 2 3 4 5
59289,1 2 3 4 5
59292,1 2 3 4 5
59316,1 2 3 4 5
59319,1 2 3 4 5
59325,1 2 3 4 5
59326,1 2 3 4 5
59332,1 2 3 4 5
59336,1 2 3 4 5
59343,1 2 3 4 5
59347,1 2 3 4 5
59348,1 2 3 4 5
59350,1 2 3 4 5
59358,1 2 3 4 5
59366,1 2 3 4 5
59368,1 2 3 4 5
59376,1 2 3 4 5
59383,1 2 3 4 5
59387,1 2 3 4 5
59389,1 2 3 4 5
59392,1 2 3 4 5
59394,1 2 3 4 5
59408,1 2 3 4 5
59418,1 2 3 4 5
59422,1 2 3 4 5
59424,1 2 3 4 5
59428,1 2 3 4 5
59430,1 2 3 4 5
59442,1 2 3 4 5
59446,1 2 3 4 5
59450,1 2 3 4 5
59459,1 2 3 4 5
59462,1 2 3 4 5
59475,1 2 3 4 5
59481,1 2 3 4 5
59489,1 2 3 4 5
59492,1 2 3 4 5
59495,1 2 3 4 5
59497,1 2 3 4 5
59498,1 2 3 4 5
59512,1 2 3 4 5
59513,1 2 3 4 5
59532,1 2 3 4 5
59549,1 2 3 4 5
59557,1 2 3 4 5
59569,1 2 3 4 5
59577,1 2 3 4 5
59595,1 2 3 4 5
59606,1 2 3 4 5
59634,1 2 3 4 5
59636,1 2 3 4 5
59638,1 2 3 4 5
59647,1 2 3 4 5
59653,1 2 3 4 5
59656,1 2 3 4 5
59660,1 2 3 4 5
59661,1 2 3 4 5
59674,1 2 3 4 5
59675,1 2 3 4 5
59676,1 2 3 4 5
59699,1 2 3 4 5
59701,1 2 3 4 5
59705,1 2 3 4 5
59707,1 2 3 4 5
59708,1 2 3 4 5
59712,1 2 3 4 5
59723,1 2 3 4 5
59729,1 2 3 4 5
59733,1 2 3 4 5
59736,1 2 3 4 5
59751,1 2 3 4 5
59755,1 2 3 4 5
59761,1 2 3 4 5
59765,1 2 3 4 5
59767,1 2 3 4 5
59772,1 2 3 4 5
59782,1 2 3 4 5
59788,1 2 3 4 5
59798,1 2 3 4 5
59803,1 2 3 4 5
59809,1 2 3 4 5
59811,1 2 3 4 5
59819,1 2 3 4 5
59834,1 2 3 4 5
59838,1 2 3 4 5
59843,1 2 3 4 5
59854,1 2 3 4 5
59856,1 2 3 4 5
59885,1 2 3 4 5
59897,1 2 3 4 5
59899,1 2 3 4 5
59904,1 2 3 4 5
59930,1 2 3 4 5
59951,1 2 3 4 5
59961,1 2 3 4 5
59974,1 2 3 4 5
59983,1 2 3 4 5
59994,1 2 3 4 5
59995,1 2 3 4 5
60006,1 2 3 4 5
60008,1 2 3 4 5
60011,1 2 3 4 5
60012,1 2 3 4 5
60013,1 2 3 4 5
60019,1 2 3 4 5
60023,1 2 3 4 5
60025,1 2 3 4 5
60029,1 2 3 4 5
60052,1 2 3 4 5
60053,1 2 3 4 5
60054,1 2 3 4 5
60063,1 2 3 4 5
60079,1 2 3 4 5
60081,1 2 3 4 5
60082,1 2 3 4 5
60083,1 2 3 4 5
60094,1 2 3 4 5
60095,1 2 3 4 5
60101,1 2 3 4 5
60104,1 2 3 4 5
60106,1 2 3 4 5
60116,1 2 3 4 5
60121,1 2 3 4 5
60147,1 2 3 4 5
60152,1 2 3 4 5
60158,1 2 3 4 5
60165,1 2 3 4 5
60166,1 2 3 4 5
60167,1 2 3 4 5
60172,1 2 3 4 5
60173,1 2 3 4 5
60174,1 2 3 4 5
60181,1 2 3 4 5
60183,1 2 3 4 5
60184,1 2 3 4 5
60197,1 2 3 4 5
60204,1 2 3 4 5
60209,1 2 3 4 5
60215,1 2 3 4 5
60216,1 2 3 4 5
60217,1 2 3 4 5
60218,1 2 3 4 5
60220,1 2 3 4 5
60234,1 2 3 4 5
60237,1 2 3 4 5
60262,1 2 3 4 5
60263,1 2 3 4 5
60265,1 2 3 4 5
60277,1 2 3 4 5
60280,1 2 3 4 5
60282,1 2 3 4 5
60296,1 2 3 4 5
60297,1 2 3 4 5
60300,1 2 3 4 5
60303,1 2 3 4 5
60306,1 2 3 4 5
60314,1 2 3 4 5
60316,1 2 3 4 5
60321,1 2 3 4 5
60323,1 2 3 4 5
60328,1 2 3 4 5
60334,1 2 3 4 5
60362,1 2 3 4 5
60366,1 2 3 4 5
60397,1 2 3 4 5
60403,1 2 3 4 5
60404,1 2 3 4 5
60407,1 2 3 4 5
60408,1 2 3 4 5
60415,1 2 3 4 5
60427,1 2 3 4 5
60486,1 2 3 4 5
60487,1 2 3 4 5
60490,1 2 3 4 5
60494,1 2 3 4 5
60495,1 2 3 4 5
60504,1 2 3 4 5
60508,1 2 3 4 5
60516,1 2 3 4 5
60519,1 2 3 4 5
60524,1 2 3 4 5
60530,1 2 3 4 5
60536,1 2 3 4 5
60543,1 2 3 4 5
60547,1 2 3 4 5
60549,1 2 3 4 5
60559,1 2 3 4 5
60569,1 2 3 4 5
60574,1 2 3 4 5
60581,1 2 3 4 5
60586,1 2 3 4 5
60591,1 2 3 4 5
60592,1 2 3 4 5
60595,1 2 3 4 5
60605,1 2 3 4 5
60611,1 2 3 4 5
60625,1 2 3 4 5
60630,1 2 3 4 5
60634,1 2 3 4 5
60651,1 2 3 4 5
60652,1 2 3 4 5
60654,1 2 3 4 5
60667,1 2 3 4 5
60668,1 2 3 4 5
60669,1 2 3 4 5
60670,1 2 3 4 5
60674,1 2 3 4 5
60677,1 2 3 4 5
60681,1 2 3 4 5
60686,1 2 3 4 5
60700,1 2 3 4 5
60730,1 2 3 4 5
60734,1 2 3 4 5
60748,1 2 3 4 5
60750,1 2 3 4 5
60754,1 2 3 4 5
60755,1 2 3 4 5
60757,1 2 3 4 5
60766,1 2 3 4 5
60778,1 2 3 4 5
60783,1 2 3 4 5
60790,1 2 3 4 5
60797,1 2 3 4 5
60800,1 2 3 4 5
60814,1 2 3 4 5
60837,1 2 3 4 5
60841,1 2 3 4 5
60850,1 2 3 4 5
60854,1 2 3 4 5
60856,1 2 3 4 5
60863,1 2 3 4 5
60864,1 2 3 4 5
60865,1 2 3 4 5
60866,1 2 3 4 5
60880,1 2 3 4 5
60888,1 2 3 4 5
60896,1 2 3 4 5
60899,1 2 3 4 5
60904,1 2 3 4 5
60907,1 2 3 4 5
60910,1 2 3 4 5
60919,1 2 3 4 5
60943,1 2 3 4 5
60944,1 2 3 4 5
60946,1 2 3 4 5
60964,1 2 3 4 5
60973,1 2 3 4 5
60981,1 2 3 4 5
60992,1 2 3 4 5
60997,1 2 3 4 5
61003,1 2 3 4 5
61008,1 2 3 4 5
61010,1 2 3 4 5
61027,1 2 3 4 5
61044,1 2 3 4 5
61045,1 2 3 4 5
61048,1 2 3 4 5
61059,1 2 3 4 5
61068,1 2 3 4 5
61087,1 2 3 4 5
61091,1 2 3 4 5
61094,1 2 3 4 5
61096,1 2 3 4 5
61098,1 2 3 4 5
61101,1 2 3 4 5
61115,1 2 3 4 5
61120,1 2 3 4 5
61122,1 2 3 4 5
61123,1 2 3 4 5
61126,1 2 3 4 5
61141,1 2 3 4 5
61146,1 2 3 4 5
61151,1 2 3 4 5
61154,1 2 3 4 5
61157,1 2 3 4 5
61159,1 2 3 4 5
61160,1 2 3 4 5
61184,1 2 3 4 5
61186,1 2 3 4 5
61191,1 2 3 4 5
61194,1 2 3 4 5
61199,1 2 3 4 5
61200,1 2 3 4 5
61225,1 2 3 4 5
61228,1 2 3 4 5
61238,1 2 3 4 5
61241,1 2 3 4 5
61244,1 2 3 4 5
61245,1 2 3 4 5
61252,1 2 3 4 5
61256,1 2 3 4 5
61273,1 2 3 4 5
61274,1 2 3 4 5
61291,1 2 3 4 5
61298,1 2 3 4 5
61300,1 2 3 4 5
61305,1 2 3 4 5
61309,1 2 3 4 5
61313,1 2 3 4 5
61314,1 2 3 4 5
61318,1 2 3 4 5
61326,1 2 3 4 5
61332,1 2 3 4 5
61344,1 2 3 4 5
61345,1 2 3 4 5
61349,1 2 3 4 5
61355,1 2 3 4 5
61365,1 2 3 4 5
61379,1 2 3 4 5
61387,1 2 3 4 5
61389,1 2 3 4 5
61397,1 2 3 4 5
61401,1 2 3 4 5
61407,1 2 3 4 5
61408,1 2 3 4 5
61413,1 2 3 4 5
61416,1 2 3 4 5
61419,1 2 3 4 5
61421,1 2 3 4 5
61424,1 2 3 4 5
61431,1 2 3 4 5
61438,1 2 3 4 5
61440,1 2 3 4 5
61460,1 2 3 4 5
61463,1 2 3 4 5
61476,1 2 3 4 5
61488,1 2 3 4 5
61513,1 2 3 4 5
61518,1 2 3 4 5
61527,1 2 3 4 5
61528,1 2 3 4 5
61529,1 2 3 4 5
61532,1 2 3 4 5
61541,1 2 3 4 5
61546,1 2 3 4 5
61548,1 2 3 4 5
61565,1 2 3 4 5
61572,1 2 3 4 5
61575,1 2 3 4 5
61579,1 2 3 4 5
61582,1 2 3 4 5
61585,1 2 3 4 5
61586,1 2 3 4 5
61588,1 2 3 4 5
61591,1 2 3 4 5
61602,1 2 3 4 5
61605,1 2 3 4 5
61614,1 2 3 4 5
61615,1 2 3 4 5
61621,1 2 3 4 5
61623,1 2 3 4 5
61642,1 2 3 4 5
61675,1 2 3 4 5
61683,1 2 3 4 5
61685,1 2 3 4 5
61689,1 2 3 4 5
61704,1 2 3 4 5
61722,1 2 3 4 5
61737,1 2 3 4 5
61740,1 2 3 4 5
61745,1 2 3 4 5
61748,1 2 3 4 5
61756,1 2 3 4 5
61762,1 2 3 4 5
61768,1 2 3 4 5
61772,1 2 3 4 5
61774,1 2 3 4 5
61788,1 2 3 4 5
61790,1 2 3 4 5
61794,1 2 3 4 5
61801,1 2 3 4 5
61805,1 2 3 4 5
61808,1 2 3 4 5
61810,1 2 3 4 5
61813,1 2 3 4 5
61834,1 2 3 4 5
61842,1 2 3 4 5
61844,1 2 3 4 5
61846,1 2 3 4 5
61851,1 2 3 4 5
61860,1 2 3 4 5
61865,1 2 3 4 5
61866,1 2 3 4 5
61870,1 2 3 4 5
61880,1 2 3 4 5
61899,1 2 3 4 5
61925,1 2 3 4 5
61929,1 2 3 4 5
61955,1 2 3 4 5
61960,1 2 3 4 5
61963,1 2 3 4 5
61964,1 2 3 4 5
61968,1 2 3 4 5
61984,1 2 3 4 5
61986,1 2 3 4 5
61987,1 2 3 4 5
62001,1 2 3 4 5
62007,1 2 3 4 5
62026,1 2 3 4 5
62032,1 2 3 4 5
62036,1 2 3 4 5
62037,1 2 3 4 5
62042,1 2 3 4 5
62048,1 2 3 4 5
62067,1 2 3 4 5
62068,1 2 3 4 5
62087,1 2 3 4 5
62089,1 2 3 4 5
62097,1 2 3 4 5
62114,1 2 3 4 5
62117,1 2 3 4 5
62118,1 2 3 4 5
62122,1 2 3 4 5
62128,1 2 3 4 5
62134,1 2 3 4 5
62136,1 2 3 4 5
62138,1 2 3 4 5
62142,1 2 3 4 5
62143,1 2 3 4 5
62150,1 2 3 4 5
62157,1 2 3 4 5
62159,1 2 3 4 5
62162,1 2 3 4 5
62163,1 2 3 4 5
62169,1 2 3 4 5
62175,1 2 3 4 5
62194,1 2 3 4 5
62195,1 2 3 4 5
62196,1 2 3 4 5
62202,1 2 3 4 5
62207,1 2 3 4 5
62211,1 2 3 4 5
62221,1 2 3 4 5
62238,1 2 3 4 5
62243,1 2 3 4 5
62249,1 2 3 4 5
62252,1 2 3 4 5
62254,1 2 3 4 5
62264,1 2 3 4 5
62265,1 2 3 4 5
62272,1 2 3 4 5
62293,1 2 3 4 5
62295,1 2 3 4 5
62304,1 2 3 4 5
62306,1 2 3 4 5
62317,1 2 3 4 5
62346,1 2 3 4 5
62348,1 2 3 4 5
62360,1 2 3 4 5
62363,1 2 3 4 5
62368,1 2 3 4 5
62372,1 2 3 4 5
62375,1 2 3 4 5
62376,1 2 3 4 5
62379,1 2 3 4 5
62389,1 2 3 4 5
62392,1 2 3 4 5
62402,1 2 3 4 5
62411,1 2 3 4 5
62416,1 2 3 4 5
62417,1 2 3 4 5
62430,1 2 3 4 5
62440,1 2 3 4 5
62450,1 2 3 4 5
62454,1 2 3 4 5
62458,1 2 3 4 5
62460,1 2 3 4 5
62465,1 2 3 4 5
62469,1 2 3 4 5
62472,1 2 3 4 5
62473,1 2 3 4 5
62476,1 2 3 4 5
62484,1 2 3 4 5
62487,1 2 3 4 5
62509,1 2 3 4 5
62512,1 2 3 4 5
62513,1 2 3 4 5
62530,1 2 3 4 5
62534,1 2 3 4 5
62548,1 2 3 4 5
62555,1 2 3 4 5
62586,1 2 3 4 5
62588,1 2 3 4 5
62596,1 2 3 4 5
62597,1 2 3 4 5
62601,1 2 3 4 5
62605,1 2 3 4 5
62607,1 2 3 4 5
62610,1 2 3 4 5
62625,1 2 3 4 5
62635,1 2 3 4 5
62641,1 2 3 4 5
62643,1 2 3 4 5
62655,1 2 3 4 5
62663,1 2 3 4 5
62668,1 2 3 4 5
62674,1 2 3 4 5
62700,1 2 3 4 5
62713,1 2 3 4 5
62721,1 2 3 4 5
62725,1 2 3 4 5
62726,1 2 3 4 5
62740,1 2 3 4 5
62750,1 2 3 4 5
62755,1 2 3 4 5
62763,1 2 3 4 5
62764,1 2 3 4 5
62767,1 2 3 4 5
62777,1 2 3 4 5
62782,1 2 3 4 5
62792,1 2 3 4 5
62805,1 2 3 4 5
62820,1 2 3 4 5
62837,1 2 3 4 5
62851,1 2 3 4 5
62854,1 2 3 4 5
62856,1 2 3 4 5
62861,1 2 3 4 5
62875,1 2 3 4 5
62878,1 2 3 4 5
62881,1 2 3 4 5
62884,1 2 3 4 5
62889,1 2 3 4 5
62896,1 2 3 4 5
62901,1 2 3 4 5
62905,1 2 3 4 5
62918,1 2 3 4 5
62924,1 2 3 4 5
62950,1 2 3 4 5
62951,1 2 3 4 5
62956,1 2 3 4 5
62968,1 2 3 4 5
63006,1 2 3 4 5
63012,1 2 3 4 5
63013,1 2 3 4 5
63015,1 2 3 4 5
63022,1 2 3 4 5
63031,1 2 3 4 5
63039,1 2 3 4 5
63047,1 2 3 4 5
63054,1 2 3 4 5
63055,1 2 3 4 5
63057,1 2 3 4 5
63060,1 2 3 4 5
63078,1 2 3 4 5
63102,1 2 3 4 5
63103,1 2 3 4 5
63109,1 2 3 4 5
63119,1 2 3 4 5
63140,1 2 3 4 5
63147,1 2 3 4 5
63150,1 2 3 4 5
63158,1 2 3 4 5
63159,1 2 3 4 5
63170,1 2 3 4 5
63192,1 2 3 4 5
63195,1 2 3 4 5
63201,1 2 3 4 5
63205,1 2 3 4 5
63210,1 2 3 4 5
63221,1 2 3 4 5
63223,1 2 3 4 5
63236,1 2 3 4 5
63245,1 2 3 4 5
63248,1 2 3 4 5
63260,1 2 3 4 5
63284,1 2 3 4 5
63300,1 2 3 4 5
63303,1 2 3 4 5
63308,1 2 3 4 5
63309,1 2 3 4 5
63311,1 2 3 4 5
63314,1 2 3 4 5
63316,1 2 3 4 5
63320,1 2 3 4 5
63321,1 2 3 4 5
63322,1 2 3 4 5
63324,1 2 3 4 5
63334,1 2 3 4 5
63337,1 2 3 4 5
63342,1 2 3 4 5
63345,1 2 3 4 5
63351,1 2 3 4 5
63359,1 2 3 4 5
63378,1 2 3 4 5
63381,1 2 3 4 5
63400,1 2 3 4 5
63401,1 2 3 4 5
63409,1 2 3 4 5
63424,1 2 3 4 5
63447,1 2 3 4 5
63449,1 2 3 4 5
63454,1 2 3 4 5
63460,1 2 3 4 5
63472,1 2 3 4 5
63480,1 2 3 4 5
63484,1 2 3 4 5
63485,1 2 3 4 5
63494,1 2 3 4 5
63497,1 2 3 4 5
63503,1 2 3 4 5
63509,1 2 3 4 5
63515,1 2 3 4 5
63518,1 2 3 4 5
63520,1 2 3 4 5
63527,1 2 3 4 5
63530,1 2 3 4 5
63534,1 2 3 4 5
63550,1 2 3 4 5
63562,1 2 3 4 5
63570,1 2 3 4 5
63572,1 2 3 4 5
63583,1 2 3 4 5
63587,1 2 3 4 5
63596,1 2 3 4 5
63598,1 2 3 4 5
63601,1 2 3 4 5
63606,1 2 3 4 5
63617,1 2 3 4 5
63626,1 2 3 4 5
63628,1 2 3 4 5
63635,1 2 3 4 5
63639,1 2 3 4 5
63644,1 2 3 4 5
63656,1 2 3 4 5
63657,1 2 3 4 5
63658,1 2 3 4 5
63659,1 2 3 4 5
63666,1 2 3 4 5
63671,1 2 3 4 5
63672,1 2 3 4 5
63686,1 2 3 4 5
63687,1 2 3 4 5
63689,1 2 3 4 5
63693,1 2 3 4 5
63694,1 2 3 4 5
63700,1 2 3 4 5
63736,1 2 3 4 5
63740,1 2 3 4 5
63742,1 2 3 4 5
63753,1 2 3 4 5
63765,1 2 3 4 5
63772,1 2 3 4 5
63779,1 2 3 4 5
63780,1 2 3 4 5
63787,1 2 3 4 5
63789,1 2 3 4 5
63801,1 2 3 4 5
63807,1 2 3 4 5
63818,1 2 3 4 5
63820,1 2 3 4 5
63831,1 2 3 4 5
63834,1 2 3 4 5
63840,1 2 3 4 5
63845,1 2 3 4 5
63847,1 2 3 4 5
63857,1 2 3 4 5
63860,1 2 3 4 5
63868,1 2 3 4 5
63871,1 2 3 4 5
63875,1 2 3 4 5
63880,1 2 3 4 5
63883,1 2 3 4 5
63887,1 2 3 4 5
63901,1 2 3 4 5
63903,1 2 3 4 5
63905,1 2 3 4 5
63913,1 2 3 4 5
63914,1 2 3 4 5
63915,1 2 3 4 5
63927,1 2 3 4 5
63938,1 2 3 4 5
63946,1 2 3 4 5
63948,1 2 3 4 5
63954,1 2 3 4 5
63956,1 2 3 4 5
63962,1 2 3 4 5
63981,1 2 3 4 5
63983,1 2 3 4 5
63984,1 2 3 4 5
63986,1 2 3 4 5
63988,1 2 3 4 5
63996,1 2 3 4 5
63997,1 2 3 4 5
64009,1 2 3 4 5
64018,1 2 3 4 5
64021,1 2 3 4 5
64022,1 2 3 4 5
64024,1 2 3 4 5
64028,1 2 3 4 5
64043,1 2 3 4 5
64046,1 2 3 4 5
64062,1 2 3 4 5
64068,1 2 3 4 5
64072,1 2 3 4 5
64080,1 2 3 4 5
64083,1 2 3 4 5
64095,1 2 3 4 5
64106,1 2 3 4 5
64111,1 2 3 4 5
64115,1 2 3 4 5
64118,1 2 3 4 5
64120,1 2 3 4 5
64122,1 2 3 4 5
64127,1 2 3 4 5
64141,1 2 3 4 5
64142,1 2 3 4 5
64145,1 2 3 4 5
64146,1 2 3 4 5
64147,1 2 3 4 5
64154,1 2 3 4 5
64160,1 2 3 4 5
64163,1 2 3 4 5
64179,1 2 3 4 5
64184,1 2 3 4 5
64194,1 2 3 4 5
64195,1 2 3 4 5
64196,1 2 3 4 5
64222,1 2 3 4 5
64223,1 2 3 4 5
64224,1 2 3 4 5
64253,1 2 3 4 5
64267,1 2 3 4 5
64268,1 2 3 4 5
64269,1 2 3 4 5
64272,1 2 3 4 5
64284,1 2 3 4 5
64292,1 2 3 4 5
64294,1 2 3 4 5
64300,1 2 3 4 5
64306,1 2 3 4 5
64317,1 2 3 4 5
64333,1 2 3 4 5
64337,1 2 3 4 5
64341,1 2 3 4 5
64345,1 2 3 4 5
64356,1 2 3 4 5
64358,1 2 3 4 5
64366,1 2 3 4 5
64371,1 2 3 4 5
64377,1 2 3 4 5
64379,1 2 3 4 5
64380,1 2 3 4 5
64381,1 2 3 4 5
64388,1 2 3 4 5
64392,1 2 3 4 5
64394,1 2 3 4 5
64445,1 2 3 4 5
64447,1 2 3 4 5
64450,1 2 3 4 5
64454,1 2 3 4 5
64462,1 2 3 4 5
64485,1 2 3 4 5
64486,1 2 3 4 5
64495,1 2 3 4 5
64497,1 2 3 4 5
64499,1 2 3 4 5
64502,1 2 3 4 5
64506,1 2 3 4 5
64509,1 2 3 4 5
64522,1 2 3 4 5
64525,1 2 3 4 5
64532,1 2 3 4 5
64537,1 2 3 4 5
64543,1 2 3 4 5
64549,1 2 3 4 5
64550,1 2 3 4 5
64554,1 2 3 4 5
64556,1 2 3 4 5
64576,1 2 3 4 5
64580,1 2 3 4 5
64587,1 2 3 4 5
64591,1 2 3 4 5
64599,1 2 3 4 5
64625,1 2 3 4 5
64628,1 2 3 4 5
64641,1 2 3 4 5
64664,1 2 3 4 5
64676,1 2 3 4 5
64679,1 2 3 4 5
64686,1 2 3 4 5
64687,1 2 3 4 5
64688,1 2 3 4 5
64691,1 2 3 4 5
64698,1 2 3 4 5
64702,1 2 3 4 5
64704,1 2 3 4 5
64713,1 2 3 4 5
64715,1 2 3 4 5
64720,1 2 3 4 5
64723,1 2 3 4 5
64724,1 2 3 4 5
64736,1 2 3 4 5
64755,1 2 3 4 5
64758,1 2 3 4 5
64765,1 2 3 4 5
64769,1 2 3 4 5
64784,1 2 3 4 5
64789,1 2 3 4 5
64800,1 2 3 4 5
64802,1 2 3 4 5
64804,1 2 3 4 5
64806,1 2 3 4 5
64819,1 2 3 4 5
64827,1 2 3 4 5
64828,1 2 3 4 5
64835,1 2 3 4 5
64837,1 2 3 4 5
64859,1 2 3 4 5
64865,1 2 3 4 5
64869,1 2 3 4 5
64915,1 2 3 4 5
64920,1 2 3 4 5
64929,1 2 3 4 5
64932,1 2 3 4 5
64951,1 2 3 4 5
64952,1 2 3 4 5
64959,1 2 3 4 5
64966,1 2 3 4 5
64968,1 2 3 4 5
64971,1 2 3 4 5
64981,1 2 3 4 5
64989,1 2 3 4 5
64990,1 2 3 4 5
64993,1 2 3 4 5
65002,1 2 3 4 5
65004,1 2 3 4 5
65010,1 2 3 4 5
65020,1 2 3 4 5
65032,1 2 3 4 5
65044,1 2 3 4 5
65052,1 2 3 4 5
65056,1 2 3 4 5
65060,1 2 3 4 5
65071,1 2 3 4 5
65078,1 2 3 4 5
65100,1 2 3 4 5
65104,1 2 3 4 5
65107,1 2 3 4 5
65125,1 2 3 4 5
65128,1 2 3 4 5
65134,1 2 3 4 5
65148,1 2 3 4 5
65155,1 2 3 4 5
65160,1 2 3 4 5
65171,1 2 3 4 5
65199,1 2 3 4 5
65201,1 2 3 4 5
65203,1 2 3 4 5
65216,1 2 3 4 5
65219,1 2 3 4 5
65221,1 2 3 4 5
65233,1 2 3 4 5
65256,1 2 3 4 5
65261,1 2 3 4 5
65269,1 2 3 4 5
65278,1 2 3 4 5
65279,1 2 3 4 5
65283,1 2 3 4 5
65295,1 2 3 4 5
65296,1 2 3 4 5
65301,1 2 3 4 5
65304,1 2 3 4 5
65316,1 2 3 4 5
65320,1 2 3 4 5
65331,1 2 3 4 5
65334,1 2 3 4 5
65336,1 2 3 4 5
65359,1 2 3 4 5
65373,1 2 3 4 5
65403,1 2 3 4 5
65414,1 2 3 4 5
65416,1 2 3 4 5
65422,1 2 3 4 5
65429,1 2 3 4 5
65433,1 2 3 4 5
65452,1 2 3 4 5
65459,1 2 3 4 5
65461,1 2 3 4 5
65470,1 2 3 4 5
65474,1 2 3 4 5
65476,1 2 3 4 5
65492,1 2 3 4 5
65493,1 2 3 4 5
65494,1 2 3 4 5
65509,1 2 3 4 5
65510,1 2 3 4 5
65516,1 2 3 4 5
65517,1 2 3 4 5
65520,1 2 3 4 5
65528,1 2 3 4 5
65529,1 2 3 4 5
65536,1 2 3 4 5
65539,1 2 3 4 5
65540,1 2 3 4 5
65550,1 2 3 4 5
65564,1 2 3 4 5
65566,1 2 3 4 5
65572,1 2 3 4 5
65573,1 2 3 4 5
65579,1 2 3 4 5
65580,1 2 3 4 5
65585,1 2 3 4 5
65587,1 2 3 4 5
65589,1 2 3 4 5
65592,1 2 3 4 5
65596,1 2 3 4 5
65599,1 2 3 4 5
65602,1 2 3 4 5
65605,1 2 3 4 5
65610,1 2 3 4 5
65616,1 2 3 4 5
65620,1 2 3 4 5
65629,1 2 3 4 5
65633,1 2 3 4 5
65636,1 2 3 4 5
65640,1 2 3 4 5
65645,1 2 3 4 5
65650,1 2 3 4 5
65653,1 2 3 4 5
65655,1 2 3 4 5
65656,1 2 3 4 5
65663,1 2 3 4 5
65667,1 2 3 4 5
65678,1 2 3 4 5
65683,1 2 3 4 5
65701,1 2 3 4 5
65704,1 2 3 4 5
65712,1 2 3 4 5
65724,1 2 3 4 5
65726,1 2 3 4 5
65730,1 2 3 4 5
65741,1 2 3 4 5
65742,1 2 3 4 5
65744,1 2 3 4 5
65747,1 2 3 4 5
65758,1 2 3 4 5
65763,1 2 3 4 5
65789,1 2 3 4 5
65796,1 2 3 4 5
65797,1 2 3 4 5
65801,1 2 3 4 5
65811,1 2 3 4 5
65814,1 2 3 4 5
65827,1 2 3 4 5
65844,1 2 3 4 5
65845,1 2 3 4 5
65850,1 2 3 4 5
65857,1 2 3 4 5
65888,1 2 3 4 5
65897,1 2 3 4 5
65901,1 2 3 4 5
65921,1 2 3 4 5
65926,1 2 3 4 5
65928,1 2 3 4 5
65932,1 2 3 4 5
65933,1 2 3 4 5
65953,1 2 3 4 5
65987,1 2 3 4 5
65990,1 2 3 4 5
65991,1 2 3 4 5
65993,1 2 3 4 5
66002,1 2 3 4 5
66005,1 2 3 4 5
66014,1 2 3 4 5
66030,1 2 3 4 5
66032,1 2 3 4 5
66037,1 2 3 4 5
66044,1 2 3 4 5
66046,1 2 3 4 5
66061,1 2 3 4 5
66064,1 2 3 4 5
66075,1 2 3 4 5
66085,1 2 3 4 5
66092,1 2 3 4 5
66096,1 2 3 4 5
66106,1 2 3 4 5
66111,1 2 3 4 5
66121,1 2 3 4 5
66124,1 2 3 4 5
66127,1 2 3 4 5
66128,1 2 3 4 5
66133,1 2 3 4 5
66134,1 2 3 4 5
66138,1 2 3 4 5
66140,1 2 3 4 5
66141,1 2 3 4 5
66143,1 2 3 4 5
66152,1 2 3 4 5
66153,1 2 3 4 5
66162,1 2 3 4 5
66163,1 2 3 4 5
66164,1 2 3 4 5
66169,1 2 3 4 5
66170,1 2 3 4 5
66172,1 2 3 4 5
66174,1 2 3 4 5
66176,1 2 3 4 5
66179,1 2 3 4 5
66186,1 2 3 4 5
66199,1 2 3 4 5
66202,1 2 3 4 5
66203,1 2 3 4 5
66207,1 2 3 4 5
66208,1 2 3 4 5
66210,1 2 3 4 5
66214,1 2 3 4 5
66218,1 2 3 4 5
66245,1 2 3 4 5
66248,1 2 3 4 5
66251,1 2 3 4 5
66271,1 2 3 4 5
66275,1 2 3 4 5
66283,1 2 3 4 5
66286,1 2 3 4 5
66295,1 2 3 4 5
66303,1 2 3 4 5
66321,1 2 3 4 5
66329,1 2 3 4 5
66331,1 2 3 4 5
66335,1 2 3 4 5
66340,1 2 3 4 5
66344,1 2 3 4 5
66345,1 2 3 4 5
66350,1 2 3 4 5
66353,1 2 3 4 5
66374,1 2 3 4 5
66388,1 2 3 4 5
66390,1 2 3 4 5
66393,1 2 3 4 5
66401,1 2 3 4 5
66407,1 2 3 4 5
66413,1 2 3 4 5
66415,1 2 3 4 5
66420,1 2 3 4 5
66427,1 2 3 4 5
66456,1 2 3 4 5
66463,1 2 3 4 5
66484,1 2 3 4 5
66499,1 2 3 4 5
66501,1 2 3 4 5
66508,1 2 3 4 5
66509,1 2 3 4 5
66515,1 2 3 4 5
66517,1 2 3 4 5
66540,1 2 3 4 5
66541,1 2 3 4 5
66559,1 2 3 4 5
66568,1 2 3 4 5
66570,1 2 3 4 5
66588,1 2 3 4 5
66590,1 2 3 4 5
66591,1 2 3 4 5
66595,1 2 3 4 5
66596,1 2 3 4 5
66615,1 2 3 4 5
66623,1 2 3 4 5
66637,1 2 3 4 5
66639,1 2 3 4 5
66642,1 2 3 4 5
66644,1 2 3 4 5
66646,1 2 3 4 5
66650,1 2 3 4 5
66674,1 2 3 4 5
66677,1 2 3 4 5
66700,1 2 3 4 5
66733,1 2 3 4 5
66734,1 2 3 4 5
66738,1 2 3 4 5
66741,1 2 3 4 5
66747,1 2 3 4 5
66771,1 2 3 4 5
66773,1 2 3 4 5
66774,1 2 3 4 5
66776,1 2 3 4 5
66777,1 2 3 4 5
66790,1 2 3 4 5
66794,1 2 3 4 5
66797,1 2 3 4 5
66800,1 2 3 4 5
66806,1 2 3 4 5
66807,1 2 3 4 5
66809,1 2 3 4 5
66815,1 2 3 4 5
66817,1 2 3 4 5
66824,1 2 3 4 5
66828,1 2 3 4 5
66830,1 2 3 4 5
66831,1 2 3 4 5
66834,1 2 3 4 5
66840,1 2 3 4 5
66847,1 2 3 4 5
66850,1 2 3 4 5
66861,1 2 3 4 5
66864,1 2 3 4 5
66871,1 2 3 4 5
66872,1 2 3 4 5
66873,1 2 3 4 5
66875,1 2 3 4 5
66911,1 2 3 4 5
66919,1 2 3 4 5
66922,1 2 3 4 5
66930,1 2 3 4 5
66939,1 2 3 4 5
66944,1 2 3 4 5
66953,1 2 3 4 5
66969,1 2 3 4 5
66970,1 2 3 4 5
66992,1 2 3 4 5
66999,1 2 3 4 5
67014,1 2 3 4 5
67016,1 2 3 4 5
67017,1 2 3 4 5
67018,1 2 3 4 5
67022,1 2 3 4 5
67028,1 2 3 4 5
67038,1 2 3 4 5
67042,1 2 3 4 5
67055,1 2 3 4 5
67073,1 2 3 4 5
67080,1 2 3 4 5
67084,1 2 3 4 5
67087,1 2 3 4 5
67109,1 2 3 4 5
67119,1 2 3 4 5
67130,1 2 3 4 5
67139,1 2 3 4 5
67143,1 2 3 4 5
67158,1 2 3 4 5
67161,1 2 3 4 5
67170,1 2 3 4 5
67183,1 2 3 4 5
67185,1 2 3 4 5
67198,1 2 3 4 5
67208,1 2 3 4 5
67220,1 2 3 4 5
67226,1 2 3 4 5
67234,1 2 3 4 5
67235,1 2 3 4 5
67242,1 2 3 4 5
67252,1 2 3 4 5
67258,1 2 3 4 5
67273,1 2 3 4 5
67274,1 2 3 4 5
67286,1 2 3 4 5
67287,1 2 3 4 5
67291,1 2 3 4 5
67306,1 2 3 4 5
67307,1 2 3 4 5
67310,1 2 3 4 5
67312,1 2 3 4 5
67324,1 2 3 4 5
67337,1 2 3 4 5
67341,1 2 3 4 5
67349,1 2 3 4 5
67376,1 2 3 4 5
67391,1 2 3 4 5
67401,1 2 3 4 5
67421,1 2 3 4 5
67422,1 2 3 4 5
67425,1 2 3 4 5
67462,1 2 3 4 5
67467,1 2 3 4 5
67470,1 2 3 4 5
67474,1 2 3 4 5
67477,1 2 3 4 5
67486,1 2 3 4 5
67490,1 2 3 4 5
67499,1 2 3 4 5
67500,1 2 3 4 5
67502,1 2 3 4 5
67504,1 2 3 4 5
67524,1 2 3 4 5
67527,1 2 3 4 5
67531,1 2 3 4 5
67540,1 2 3 4 5
67547,1 2 3 4 5
67549,1 2 3 4 5
67551,1 2 3 4 5
67552,1 2 3 4 5
67565,1 2 3 4 5
67580,1 2 3 4 5
67598,1 2 3 4 5
67600,1 2 3 4 5
67611,1 2 3 4 5
67619,1 2 3 4 5
67625,1 2 3 4 5
67643,1 2 3 4 5
67655,1 2 3 4 5
67662,1 2 3 4 5
67664,1 2 3 4 5
67675,1 2 3 4 5
67678,1 2 3 4 5
67690,1 2 3 4 5
67696,1 2 3 4 5
67717,1 2 3 4 5
67720,1 2 3 4 5
67727,1 2 3 4 5
67755,1 2 3 4 5
67761,1 2 3 4 5
67762,1 2 3 4 5
67767,1 2 3 4 5
67769,1 2 3 4 5
67770,1 2 3 4 5
67783,1 2 3 4 5
67792,1 2 3 4 5
67793,1 2 3 4 5
67795,1 2 3 4 5
67808,1 2 3 4 5
67825,1 2 3 4 5
67827,1 2 3 4 5
67832,1 2 3 4 5
67848,1 2 3 4 5
67858,1 2 3 4 5
67861,1 2 3 4 5
67924,1 2 3 4 5
67935,1 2 3 4 5
67947,1 2 3 4 5
67948,1 2 3 4 5
67952,1 2 3 4 5
67958,1 2 3 4 5
67960,1 2 3 4 5
67964,1 2 3 4 5
67970,1 2 3 4 5
67974,1 2 3 4 5
67975,1 2 3 4 5
67978,1 2 3 4 5
67985,1 2 3 4 5
67986,1 2 3 4 5
67988,1 2 3 4 5
68004,1 2 3 4 5
68022,1 2 3 4 5
68027,1 2 3 4 5
68042,1 2 3 4 5
68043,1 2 3 4 5
68062,1 2 3 4 5
68079,1 2 3 4 5
68081,1 2 3 4 5
68091,1 2 3 4 5
68094,1 2 3 4 5
68098,1 2 3 4 5
68099,1 2 3 4 5
68100,1 2 3 4 5
68116,1 2 3 4 5
68125,1 2 3 4 5
68137,1 2 3 4 5
68151,1 2 3 4 5
68158,1 2 3 4 5
68174,1 2 3 4 5
68175,1 2 3 4 5
68181,1 2 3 4 5
68184,1 2 3 4 5
68197,1 2 3 4 5
68206,1 2 3 4 5
68208,1 2 3 4 5
68225,1 2 3 4 5
68227,1 2 3 4 5
68228,1 2 3 4 5
68235,1 2 3 4 5
68238,1 2 3 4 5
68245,1 2 3 4 5
68250,1 2 3 4 5
68251,1 2 3 4 5
68257,1 2 3 4 5
68260,1 2 3 4 5
68269,1 2 3 4 5
68275,1 2 3 4 5
68282,1 2 3 4 5
68287,1 2 3 4 5
68294,1 2 3 4 5
68298,1 2 3 4 5
68302,1 2 3 4 5
68317,1 2 3 4 5
68319,1 2 3 4 5
68323,1 2 3 4 5
68326,1 2 3 4 5
68335,1 2 3 4 5
68336,1 2 3 4 5
68354,1 2 3 4 5
68355,1 2 3 4 5
68364,1 2 3 4 5
68367,1 2 3 4 5
68371,1 2 3 4 5
68377,1 2 3 4 5
68378,1 2 3 4 5
68380,1 2 3 4 5
68383,1 2 3 4 5
68385,1 2 3 4 5
68407,1 2 3 4 5
68409,1 2 3 4 5
68413,1 2 3 4 5
68415,1 2 3 4 5
68420,1 2 3 4 5
68433,1 2 3 4 5
68440,1 2 3 4 5
68443,1 2 3 4 5
68447,1 2 3 4 5
68468,1 2 3 4 5
68475,1 2 3 4 5
68488,1 2 3 4 5
68503,1 2 3 4 5
68507,1 2 3 4 5
68509,1 2 3 4 5
68517,1 2 3 4 5
68523,1 2 3 4 5
68525,1 2 3 4 5
68531,1 2 3 4 5
68535,1 2 3 4 5
68542,1 2 3 4 5
68546,1 2 3 4 5
68549,1 2 3 4 5
68558,1 2 3 4 5
68564,1 2 3 4 5
68574,1 2 3 4 5
68578,1 2 3 4 5
68580,1 2 3 4 5
68587,1 2 3 4 5
68591,1 2 3 4 5
68597,1 2 3 4 5
68602,1 2 3 4 5
68607,1 2 3 4 5
68616,1 2 3 4 5
68622,1 2 3 4 5
68637,1 2 3 4 5
68638,1 2 3 4 5
68643,1 2 3 4 5
68648,1 2 3 4 5
68661,1 2 3 4 5
68669,1 2 3 4 5
68683,1 2 3 4 5
68698,1 2 3 4 5
68704,1 2 3 4 5
68713,1 2 3 4 5
68722,1 2 3 4 5
68723,1 2 3 4 5
68742,1 2 3 4 5
68758,1 2 3 4 5
68764,1 2 3 4 5
68768,1 2 3 4 5
68769,1 2 3 4 5
68770,1 2 3 4 5
68771,1 2 3 4 5
68775,1 2 3 4 5
68785,1 2 3 4 5
68794,1 2 3 4 5
68795,1 2 3 4 5
68800,1 2 3 4 5
68802,1 2 3 4 5
68815,1 2 3 4 5
68820,1 2 3 4 5
68823,1 2 3 4 5
68839,1 2 3 4 5
68846,1 2 3 4 5
68847,1 2 3 4 5
68858,1 2 3 4 5
68863,1 2 3 4 5
68864,1 2 3 4 5
68870,1 2 3 4 5
68883,1 2 3 4 5
68908,1 2 3 4 5
68920,1 2 3 4 5
68926,1 2 3 4 5
68928,1 2 3 4 5
68929,1 2 3 4 5
68938,1 2 3 4 5
68941,1 2 3 4 5
68948,1 2 3 4 5
68957,1 2 3 4 5
68968,1 2 3 4 5
68970,1 2 3 4 5
68989,1 2 3 4 5
68995,1 2 3 4 5
69008,1 2 3 4 5
69015,1 2 3 4 5
69020,1 2 3 4 5
69021,1 2 3 4 5
69022,1 2 3 4 5
69033,1 2 3 4 5
69043,1 2 3 4 5
69065,1 2 3 4 5
69066,1 2 3 4 5
69078,1 2 3 4 5
69084,1 2 3 4 5
69099,1 2 3 4 5
69101,1 2 3 4 5
69102,1 2 3 4 5
69106,1 2 3 4 5
69109,1 2 3 4 5
69113,1 2 3 4 5
69116,1 2 3 4 5
69117,1 2 3 4 5
69119,1 2 3 4 5
69121,1 2 3 4 5
69129,1 2 3 4 5
69136,1 2 3 4 5
69143,1 2 3 4 5
69163,1 2 3 4 5
69170,1 2 3 4 5
69173,1 2 3 4 5
69177,1 2 3 4 5
69194,1 2 3 4 5
69202,1 2 3 4 5
69246,1 2 3 4 5
69251,1 2 3 4 5
69252,1 2 3 4 5
69262,1 2 3 4 5
69263,1 2 3 4 5
69267,1 2 3 4 5
69284,1 2 3 4 5
69286,1 2 3 4 5
69290,1 2 3 4 5
69308,1 2 3 4 5
69309,1 2 3 4 5
69318,1 2 3 4 5
69326,1 2 3 4 5
69329,1 2 3 4 5
69336,1 2 3 4 5
69338,1 2 3 4 5
69341,1 2 3 4 5
69344,1 2 3 4 5
69350,1 2 3 4 5
69362,1 2 3 4 5
69364,1 2 3 4 5
69367,1 2 3 4 5
69369,1 2 3 4 5
69381,1 2 3 4 5
69383,1 2 3 4 5
69386,1 2 3 4 5
69390,1 2 3 4 5
69392,1 2 3 4 5
69397,1 2 3 4 5
69401,1 2 3 4 5
69413,1 2 3 4 5
69428,1 2 3 4 5
69429,1 2 3 4 5
69441,1 2 3 4 5
69445,1 2 3 4 5
69454,1 2 3 4 5
69456,1 2 3 4 5
69468,1 2 3 4 5
69482,1 2 3 4 5
69500,1 2 3 4 5
69502,1 2 3 4 5
69522,1 2 3 4 5
69531,1 2 3 4 5
69537,1 2 3 4 5
69547,1 2 3 4 5
69548,1 2 3 4 5
69568,1 2 3 4 5
69572,1 2 3 4 5
69575,1 2 3 4 5
69576,1 2 3 4 5
69588,1 2 3 4 5
69598,1 2 3 4 5
69611,1 2 3 4 5
69612,1 2 3 4 5
69613,1 2 3 4 5
69615,1 2 3 4 5
69635,1 2 3 4 5
69639,1 2 3 4 5
69641,1 2 3 4 5
69646,1 2 3 4 5
69648,1 2 3 4 5
69650,1 2 3 4 5
69653,1 2 3 4 5
69663,1 2 3 4 5
69665,1 2 3 4 5
69667,1 2 3 4 5
69670,1 2 3 4 5
69688,1 2 3 4 5
69696,1 2 3 4 5
69697,1 2 3 4 5
69725,1 2 3 4 5
69735,1 2 3 4 5
69740,1 2 3 4 5
69758,1 2 3 4 5
69763,1 2 3 4 5
69770,1 2 3 4 5
69776,1 2 3 4 5
69780,1 2 3 4 5
69781,1 2 3 4 5
69786,1 2 3 4 5
69798,1 2 3 4 5
69801,1 2 3 4 5
69803,1 2 3 4 5
69804,1 2 3 4 5
69807,1 2 3 4 5
69809,1 2 3 4 5
69811,1 2 3 4 5
69817,1 2 3 4 5
69822,1 2 3 4 5
69839,1 2 3 4 5
69842,1 2 3 4 5
69849,1 2 3 4 5
69866,1 2 3 4 5
69870,1 2 3 4 5
69876,1 2 3 4 5
69886,1 2 3 4 5
69889,1 2 3 4 5
69895,1 2 3 4 5
69903,1 2 3 4 5
69914,1 2 3 4 5
69922,1 2 3 4 5
69937,1 2 3 4 5
69947,1 2 3 4 5
69948,1 2 3 4 5
69966,1 2 3 4 5
69971,1 2 3 4 5
69974,1 2 3 4 5
69975,1 2 3 4 5
69982,1 2 3 4 5
69992,1 2 3 4 5
70024,1 2 3 4 5
70042,1 2 3 4 5
70044,1 2 3 4 5
70045,1 2 3 4 5
70053,1 2 3 4 5
70061,1 2 3 4 5
70081,1 2 3 4 5
70085,1 2 3 4 5
70088,1 2 3 4 5
70091,1 2 3 4 5
70139,1 2 3 4 5
70141,1 2 3 4 5
70142,1 2 3 4 5
70144,1 2 3 4 5
70149,1 2 3 4 5
70152,1 2 3 4 5
70158,1 2 3 4 5
70163,1 2 3 4 5
70167,1 2 3 4 5
70176,1 2 3 4 5
70183,1 2 3 4 5
70186,1 2 3 4 5
70193,1 2 3 4 5
70197,1 2 3 4 5
70198,1 2 3 4 5
70200,1 2 3 4 5
70203,1 2 3 4 5
70204,1 2 3 4 5
70205,1 2 3 4 5
70211,1 2 3 4 5
70213,1 2 3 4 5
70214,1 2 3 4 5
70217,1 2 3 4 5
70218,1 2 3 4 5
70228,1 2 3 4 5
70229,1 2 3 4 5
70230,1 2 3 4 5
70246,1 2 3 4 5
70251,1 2 3 4 5
70260,1 2 3 4 5
70262,1 2 3 4 5
70270,1 2 3 4 5
70278,1 2 3 4 5
70282,1 2 3 4 5
70299,1 2 3 4 5
70317,1 2 3 4 5
70323,1 2 3 4 5
70339,1 2 3 4 5
70340,1 2 3 4 5
70344,1 2 3 4 5
70355,1 2 3 4 5
70364,1 2 3 4 5
70368,1 2 3 4 5
70373,1 2 3 4 5
70377,1 2 3 4 5
70378,1 2 3 4 5
70394,1 2 3 4 5
70405,1 2 3 4 5
70435,1 2 3 4 5
70450,1 2 3 4 5
70451,1 2 3 4 5
70456,1 2 3 4 5
70459,1 2 3 4 5
70461,1 2 3 4 5
70464,1 2 3 4 5
70476,1 2 3 4 5
70521,1 2 3 4 5
70525,1 2 3 4 5
70531,1 2 3 4 5
70536,1 2 3 4 5
70543,1 2 3 4 5
70549,1 2 3 4 5
70551,1 2 3 4 5
70555,1 2 3 4 5
70562,1 2 3 4 5
70572,1 2 3 4 5
70596,1 2 3 4 5
70603,1 2 3 4 5
70607,1 2 3 4 5
70611,1 2 3 4 5
70612,1 2 3 4 5
70618,1 2 3 4 5
70628,1 2 3 4 5
70631,1 2 3 4 5
70637,1 2 3 4 5
70642,1 2 3 4 5
70657,1 2 3 4 5
70660,1 2 3 4 5
70669,1 2 3 4 5
70670,1 2 3 4 5
70678,1 2 3 4 5
70680,1 2 3 4 5
70685,1 2 3 4 5
70690,1 2 3 4 5
70691,1 2 3 4 5
70694,1 2 3 4 5
70695,1 2 3 4 5
70697,1 2 3 4 5
70699,1 2 3 4 5
70714,1 2 3 4 5
70717,1 2 3 4 5
70724,1 2 3 4 5
70729,1 2 3 4 5
70754,1 2 3 4 5
70757,1 2 3 4 5
70774,1 2 3 4 5
70778,1 2 3 4 5
70789,1 2 3 4 5
70793,1 2 3 4 5
70802,1 2 3 4 5
70813,1 2 3 4 5
70815,1 2 3 4 5
70816,1 2 3 4 5
70822,1 2 3 4 5
70823,1 2 3 4 5
70829,1 2 3 4 5
70830,1 2 3 4 5
70837,1 2 3 4 5
70844,1 2 3 4 5
70854,1 2 3 4 5
70863,1 2 3 4 5
70864,1 2 3 4 5
70881,1 2 3 4 5
70886,1 2 3 4 5
70911,1 2 3 4 5
70918,1 2 3 4 5
70922,1 2 3 4 5
70923,1 2 3 4 5
70927,1 2 3 4 5
70935,1 2 3 4 5
70937,1 2 3 4 5
70977,1 2 3 4 5
70998,1 2 3 4 5
71000,1 2 3 4 5
71001,1 2 3 4 5
71012,1 2 3 4 5
71013,1 2 3 4 5
71052,1 2 3 4 5
71054,1 2 3 4 5
71065,1 2 3 4 5
71080,1 2 3 4 5
71084,1 2 3 4 5
71094,1 2 3 4 5
71117,1 2 3 4 5
71137,1 2 3 4 5
71151,1 2 3 4 5
71169,1 2 3 4 5
71179,1 2 3 4 5
71183,1 2 3 4 5
71199,1 2 3 4 5
71202,1 2 3 4 5
71212,1 2 3 4 5
71217,1 2 3 4 5
71218,1 2 3 4 5
71223,1 2 3 4 5
71231,1 2 3 4 5
71234,1 2 3 4 5
71236,1 2 3 4 5
71237,1 2 3 4 5
71257,1 2 3 4 5
71258,1 2 3 4 5
71264,1 2 3 4 5
71265,1 2 3 4 5
71269,1 2 3 4 5
71270,1 2 3 4 5
71271,1 2 3 4 5
71276,1 2 3 4 5
71287,1 2 3 4 5
71293,1 2 3 4 5
71296,1 2 3 4 5
71301,1 2 3 4 5
71309,1 2 3 4 5
71311,1 2 3 4 5
71325,1 2 3 4 5
71345,1 2 3 4 5
71370,1 2 3 4 5
71371,1 2 3 4 5
71378,1 2 3 4 5
71384,1 2 3 4 5
71385,1 2 3 4 5
71391,1 2 3 4 5
71394,1 2 3 4 5
71400,1 2 3 4 5
71416,1 2 3 4 5
71428,1 2 3 4 5
71448,1 2 3 4 5
71452,1 2 3 4 5
71453,1 2 3 4 5
71462,1 2 3 4 5
71470,1 2 3 4 5
71472,1 2 3 4 5
71487,1 2 3 4 5
71489,1 2 3 4 5
71503,1 2 3 4 5
71510,1 2 3 4 5
71537,1 2 3 4 5
71547,1 2 3 4 5
71552,1 2 3 4 5
71558,1 2 3 4 5
71562,1 2 3 4 5
71565,1 2 3 4 5
71570,1 2 3 4 5
71572,1 2 3 4 5
71582,1 2 3 4 5
71611,1 2 3 4 5
71616,1 2 3 4 5
71642,1 2 3 4 5
71648,1 2 3 4 5
71683,1 2 3 4 5
71685,1 2 3 4 5
71690,1 2 3 4 5
71707,1 2 3 4 5
71712,1 2 3 4 5
71713,1 2 3 4 5
71720,1 2 3 4 5
71731,1 2 3 4 5
71734,1 2 3 4 5
71744,1 2 3 4 5
71746,1 2 3 4 5
71754,1 2 3 4 5
71755,1 2 3 4 5
71761,1 2 3 4 5
71769,1 2 3 4 5
71784,1 2 3 4 5
71793,1 2 3 4 5
71800,1 2 3 4 5
71803,1 2 3 4 5
71808,1 2 3 4 5
71809,1 2 3 4 5
71811,1 2 3 4 5
71812,1 2 3 4 5
71823,1 2 3 4 5
71825,1 2 3 4 5
71828,1 2 3 4 5
71840,1 2 3 4 5
71841,1 2 3 4 5
71845,1 2 3 4 5
71848,1 2 3 4 5
71864,1 2 3 4 5
71876,1 2 3 4 5
71879,1 2 3 4 5
71882,1 2 3 4 5
71887,1 2 3 4 5
71891,1 2 3 4 5
71895,1 2 3 4 5
71900,1 2 3 4 5
71902,1 2 3 4 5
71903,1 2 3 4 5
71904,1 2 3 4 5
71905,1 2 3 4 5
71911,1 2 3 4 5
71917,1 2 3 4 5
71920,1 2 3 4 5
71925,1 2 3 4 5
71926,1 2 3 4 5
71927,1 2 3 4 5
71933,1 2 3 4 5
71942,1 2 3 4 5
71943,1 2 3 4 5
71948,1 2 3 4 5
71977,1 2 3 4 5
71979,1 2 3 4 5
71988,1 2 3 4 5
71989,1 2 3 4 5
71995,1 2 3 4 5
71999,1 2 3 4 5
72004,1 2 3 4 5
72011,1 2 3 4 5
72014,1 2 3 4 5
72015,1 2 3 4 5
72021,1 2 3 4 5
72023,1 2 3 4 5
72024,1 2 3 4 5
72035,1 2 3 4 5
72036,1 2 3 4 5
72050,1 2 3 4 5
72053,1 2 3 4 5
72055,1 2 3 4 5
72070,1 2 3 4 5
72072,1 2 3 4 5
72074,1 2 3 4 5
72076,1 2 3 4 5
72077,1 2 3 4 5
72082,1 2 3 4 5
72092,1 2 3 4 5
72094,1 2 3 4 5
72102,1 2 3 4 5
72104,1 2 3 4 5
72107,1 2 3 4 5
72110,1 2 3 4 5
72112,1 2 3 4 5
72113,1 2 3 4 5
72115,1 2 3 4 5
72139,1 2 3 4 5
72147,1 2 3 4 5
72151,1 2 3 4 5
72154,1 2 3 4 5
72158,1 2 3 4 5
72167,1 2 3 4 5
72169,1 2 3 4 5
72176,1 2 3 4 5
72181,1 2 3 4 5
72189,1 2 3 4 5
72194,1 2 3 4 5
72213,1 2 3 4 5
72218,1 2 3 4 5
72224,1 2 3 4 5
72245,1 2 3 4 5
72248,1 2 3 4 5
72254,1 2 3 4 5
72255,1 2 3 4 5
72258,1 2 3 4 5
72261,1 2 3 4 5
72263,1 2 3 4 5
72266,1 2 3 4 5
72278,1 2 3 4 5
72281,1 2 3 4 5
72298,1 2 3 4 5
72301,1 2 3 4 5
72303,1 2 3 4 5
72304,1 2 3 4 5
72311,1 2 3 4 5
72314,1 2 3 4 5
72333,1 2 3 4 5
72340,1 2 3 4 5
72344,1 2 3 4 5
72350,1 2 3 4 5
72354,1 2 3 4 5
72355,1 2 3 4 5
72362,1 2 3 4 5
72365,1 2 3 4 5
72369,1 2 3 4 5
72374,1 2 3 4 5
72383,1 2 3 4 5
72400,1 2 3 4 5
72402,1 2 3 4 5
72405,1 2 3 4 5
72408,1 2 3 4 5
72410,1 2 3 4 5
72417,1 2 3 4 5
72426,1 2 3 4 5
72427,1 2 3 4 5
72430,1 2 3 4 5
72432,1 2 3 4 5
72437,1 2 3 4 5
72443,1 2 3 4 5
72456,1 2 3 4 5
72466,1 2 3 4 5
72481,1 2 3 4 5
72482,1 2 3 4 5
72487,1 2 3 4 5
72503,1 2 3 4 5
72511,1 2 3 4 5
72518,1 2 3 4 5
72526,1 2 3 4 5
72529,1 2 3 4 5
72533,1 2 3 4 5
72547,1 2 3 4 5
72560,1 2 3 4 5
72569,1 2 3 4 5
72580,1 2 3 4 5
72587,1 2 3 4 5
72598,1 2 3 4 5
72603,1 2 3 4 5
72621,1 2 3 4 5
72625,1 2 3 4 5
72633,1 2 3 4 5
72639,1 2 3 4 5
72642,1 2 3 4 5
72643,1 2 3 4 5
72645,1 2 3 4 5
72647,1 2 3 4 5
72650,1 2 3 4 5
72655,1 2 3 4 5
72661,1 2 3 4 5
72662,1 2 3 4 5
72665,1 2 3 4 5
72666,1 2 3 4 5
72667,1 2 3 4 5
72674,1 2 3 4 5
72677,1 2 3 4 5
72680,1 2 3 4 5
72687,1 2 3 4 5
72704,1 2 3 4 5
72709,1 2 3 4 5
72726,1 2 3 4 5
72731,1 2 3 4 5
72735,1 2 3 4 5
72739,1 2 3 4 5
72750,1 2 3 4 5
72752,1 2 3 4 5
72753,1 2 3 4 5
72757,1 2 3 4 5
72768,1 2 3 4 5
72773,1 2 3 4 5
72776,1 2 3 4 5
72783,1 2 3 4 5
72786,1 2 3 4 5
72787,1 2 3 4 5
72793,1 2 3 4 5
72797,1 2 3 4 5
72810,1 2 3 4 5
72815,1 2 3 4 5
72822,1 2 3 4 5
72826,1 2 3 4 5
72850,1 2 3 4 5
72865,1 2 3 4 5
72875,1 2 3 4 5
72876,1 2 3 4 5
72902,1 2 3 4 5
72904,1 2 3 4 5
72905,1 2 3 4 5
72929,1 2 3 4 5
72941,1 2 3 4 5
72957,1 2 3 4 5
72963,1 2 3 4 5
72969,1 2 3 4 5
72976,1 2 3 4 5
72981,1 2 3 4 5
73009,1 2 3 4 5
73022,1 2 3 4 5
73052,1 2 3 4 5
73059,1 2 3 4 5
73060,1 2 3 4 5
73061,1 2 3 4 5
73070,1 2 3 4 5
73084,1 2 3 4 5
73085,1 2 3 4 5
73088,1 2 3 4 5
73089,1 2 3 4 5
73105,1 2 3 4 5
73114,1 2 3 4 5
73115,1 2 3 4 5
73116,1 2 3 4 5
73117,1 2 3 4 5
73118,1 2 3 4 5
73119,1 2 3 4 5
73124,1 2 3 4 5
73127,1 2 3 4 5
73131,1 2 3 4 5
73137,1 2 3 4 5
73141,1 2 3 4 5
73147,1 2 3 4 5
73149,1 2 3 4 5
73152,1 2 3 4 5
73161,1 2 3 4 5
73167,1 2 3 4 5
73176,1 2 3 4 5
73192,1 2 3 4 5
73220,1 2 3 4 5
73227,1 2 3 4 5
73234,1 2 3 4 5
73235,1 2 3 4 5
73251,1 2 3 4 5
73257,1 2 3 4 5
73260,1 2 3 4 5
73273,1 2 3 4 5
73279,1 2 3 4 5
73280,1 2 3 4 5
73291,1 2 3 4 5
73299,1 2 3 4 5
73309,1 2 3 4 5
73313,1 2 3 4 5
73317,1 2 3 4 5
73318,1 2 3 4 5
73327,1 2 3 4 5
73333,1 2 3 4 5
73338,1 2 3 4 5
73346,1 2 3 4 5
73357,1 2 3 4 5
73375,1 2 3 4 5
73386,1 2 3 4 5
73387,1 2 3 4 5
73388,1 2 3 4 5
73398,1 2 3 4 5
73408,1 2 3 4 5
73414,1 2 3 4 5
73415,1 2 3 4 5
73418,1 2 3 4 5
73424,1 2 3 4 5
73427,1 2 3 4 5
73431,1 2 3 4 5
73435,1 2 3 4 5
73440,1 2 3 4 5
73449,1 2 3 4 5
73456,1 2 3 4 5
73460,1 2 3 4 5
73461,1 2 3 4 5
73468,1 2 3 4 5
73470,1 2 3 4 5
73493,1 2 3 4 5
73496,1 2 3 4 5
73533,1 2 3 4 5
73539,1 2 3 4 5
73545,1 2 3 4 5
73551,1 2 3 4 5
73554,1 2 3 4 5
73555,1 2 3 4 5
73568,1 2 3 4 5
73571,1 2 3 4 5
73573,1 2 3 4 5
73575,1 2 3 4 5
73581,1 2 3 4 5
73584,1 2 3 4 5
73593,1 2 3 4 5
73596,1 2 3 4 5
73602,1 2 3 4 5
73624,1 2 3 4 5
73626,1 2 3 4 5
73637,1 2 3 4 5
73646,1 2 3 4 5
73652,1 2 3 4 5
73653,1 2 3 4 5
73661,1 2 3 4 5
73683,1 2 3 4 5
73685,1 2 3 4 5
73689,1 2 3 4 5
73690,1 2 3 4 5
73698,1 2 3 4 5
73700,1 2 3 4 5
73721,1 2 3 4 5
73722,1 2 3 4 5
73735,1 2 3 4 5
73740,1 2 3 4 5
73744,1 2 3 4 5
73745,1 2 3 4 5
73746,1 2 3 4 5
73748,1 2 3 4 5
73752,1 2 3 4 5
73759,1 2 3 4 5
73760,1 2 3 4 5
73764,1 2 3 4 5
73766,1 2 3 4 5
73769,1 2 3 4 5
73770,1 2 3 4 5
73787,1 2 3 4 5
73788,1 2 3 4 5
73789,1 2 3 4 5
73794,1 2 3 4 5
73803,1 2 3 4 5
73819,1 2 3 4 5
73836,1 2 3 4 5
73841,1 2 3 4 5
73860,1 2 3 4 5
73861,1 2 3 4 5
73862,1 2 3 4 5
73872,1 2 3 4 5
73895,1 2 3 4 5
73899,1 2 3 4 5
73901,1 2 3 4 5
73916,1 2 3 4 5
73918,1 2 3 4 5
73921,1 2 3 4 5
73945,1 2 3 4 5
73947,1 2 3 4 5
73951,1 2 3 4 5
73964,1 2 3 4 5
73983,1 2 3 4 5
73986,1 2 3 4 5
73992,1 2 3 4 5
74002,1 2 3 4 5
74003,1 2 3 4 5
74004,1 2 3 4 5
74005,1 2 3 4 5
74017,1 2 3 4 5
74023,1 2 3 4 5
74025,1 2 3 4 5
74026,1 2 3 4 5
74027,1 2 3 4 5
74030,1 2 3 4 5
74037,1 2 3 4 5
74052,1 2 3 4 5
74053,1 2 3 4 5
74058,1 2 3 4 5
74061,1 2 3 4 5
74063,1 2 3 4 5
74064,1 2 3 4 5
74089,1 2 3 4 5
74095,1 2 3 4 5
74099,1 2 3 4 5
74111,1 2 3 4 5
74116,1 2 3 4 5
74117,1 2 3 4 5
74123,1 2 3 4 5
74125,1 2 3 4 5
74126,1 2 3 4 5
74137,1 2 3 4 5
74149,1 2 3 4 5
74157,1 2 3 4 5
74170,1 2 3 4 5
74177,1 2 3 4 5
74181,1 2 3 4 5
74186,1 2 3 4 5
74192,1 2 3 4 5
74193,1 2 3 4 5
74196,1 2 3 4 5
74199,1 2 3 4 5
74201,1 2 3 4 5
74204,1 2 3 4 5
74207,1 2 3 4 5
74213,1 2 3 4 5
74220,1 2 3 4 5
74221,1 2 3 4 5
74224,1 2 3 4 5
74228,1 2 3 4 5
74238,1 2 3 4 5
74240,1 2 3 4 5
74246,1 2 3 4 5
74250,1 2 3 4 5
74261,1 2 3 4 5
74263,1 2 3 4 5
74264,1 2 3 4 5
74270,1 2 3 4 5
74271,1 2 3 4 5
74276,1 2 3 4 5
74285,1 2 3 4 5
74286,1 2 3 4 5
74296,1 2 3 4 5
74303,1 2 3 4 5
74317,1 2 3 4 5
74325,1 2 3 4 5
74327,1 2 3 4 5
74330,1 2 3 4 5
74332,1 2 3 4 5
74337,1 2 3 4 5
74338,1 2 3 4 5
74351,1 2 3 4 5
74380,1 2 3 4 5
74386,1 2 3 4 5
74387,1 2 3 4 5
74389,1 2 3 4 5
74399,1 2 3 4 5
74400,1 2 3 4 5
74402,1 2 3 4 5
74412,1 2 3 4 5
74413,1 2 3 4 5
74431,1 2 3 4 5
74433,1 2 3 4 5
74438,1 2 3 4 5
74447,1 2 3 4 5
74450,1 2 3 4 5
74457,1 2 3 4 5
74458,1 2 3 4 5
74463,1 2 3 4 5
74468,1 2 3 4 5
74479,1 2 3 4 5
74484,1 2 3 4 5
74487,1 2 3 4 5
74505,1 2 3 4 5
74517,1 2 3 4 5
74520,1 2 3 4 5
74526,1 2 3 4 5
74533,1 2 3 4 5
74538,1 2 3 4 5
74544,1 2 3 4 5
74546,1 2 3 4 5
74548,1 2 3 4 5
74550,1 2 3 4 5
74554,1 2 3 4 5
74555,1 2 3 4 5
74560,1 2 3 4 5
74564,1 2 3 4 5
74565,1 2 3 4 5
74569,1 2 3 4 5
74570,1 2 3 4 5
74579,1 2 3 4 5
74583,1 2 3 4 5
74595,1 2 3 4 5
74596,1 2 3 4 5
74599,1 2 3 4 5
74624,1 2 3 4 5
74629,1 2 3 4 5
74638,1 2 3 4 5
74639,1 2 3 4 5
74641,1 2 3 4 5
74651,1 2 3 4 5
74653,1 2 3 4 5
74669,1 2 3 4 5
74670,1 2 3 4 5
74715,1 2 3 4 5
74719,1 2 3 4 5
74722,1 2 3 4 5
74729,1 2 3 4 5
74740,1 2 3 4 5
74742,1 2 3 4 5
74746,1 2 3 4 5
74750,1 2 3 4 5
74754,1 2 3 4 5
74769,1 2 3 4 5
74780,1 2 3 4 5
74793,1 2 3 4 5
74797,1 2 3 4 5
74800,1 2 3 4 5
74816,1 2 3 4 5
74824,1 2 3 4 5
74845,1 2 3 4 5
74847,1 2 3 4 5
74852,1 2 3 4 5
74859,1 2 3 4 5
74861,1 2 3 4 5
74873,1 2 3 4 5
74883,1 2 3 4 5
74887,1 2 3 4 5
74896,1 2 3 4 5
74908,1 2 3 4 5
74916,1 2 3 4 5
74923,1 2 3 4 5
74924,1 2 3 4 5
74927,1 2 3 4 5
74931,1 2 3 4 5
74937,1 2 3 4 5
74939,1 2 3 4 5
74943,1 2 3 4 5
74949,1 2 3 4 5
74962,1 2 3 4 5
74976,1 2 3 4 5
74991,1 2 3 4 5
74992,1 2 3 4 5
75002,1 2 3 4 5
75014,1 2 3 4 5
75016,1 2 3 4 5
75021,1 2 3 4 5
75023,1 2 3 4 5
75029,1 2 3 4 5
75032,1 2 3 4 5
75035,1 2 3 4 5
75050,1 2 3 4 5
75052,1 2 3 4 5
75054,1 2 3 4 5
75067,1 2 3 4 5
75068,1 2 3 4 5
75077,1 2 3 4 5
75081,1 2 3 4 5
75084,1 2 3 4 5
75086,1 2 3 4 5
75092,1 2 3 4 5
75109,1 2 3 4 5
75111,1 2 3 4 5
75127,1 2 3 4 5
75131,1 2 3 4 5
75151,1 2 3 4 5
75158,1 2 3 4 5
75159,1 2 3 4 5
75160,1 2 3 4 5
75164,1 2 3 4 5
75168,1 2 3 4 5
75189,1 2 3 4 5
75192,1 2 3 4 5
75201,1 2 3 4 5
75209,1 2 3 4 5
75214,1 2 3 4 5
75216,1 2 3 4 5
75218,1 2 3 4 5
75235,1 2 3 4 5
75236,1 2 3 4 5
75238,1 2 3 4 5
75259,1 2 3 4 5
75263,1 2 3 4 5
75267,1 2 3 4 5
75269,1 2 3 4 5
75275,1 2 3 4 5
75291,1 2 3 4 5
75301,1 2 3 4 5
75302,1 2 3 4 5
75312,1 2 3 4 5
75322,1 2 3 4 5
75338,1 2 3 4 5
75347,1 2 3 4 5
75348,1 2 3 4 5
75352,1 2 3 4 5
75353,1 2 3 4 5
75361,1 2 3 4 5
75362,1 2 3 4 5
75364,1 2 3 4 5
75376,1 2 3 4 5
75383,1 2 3 4 5
75384,1 2 3 4 5
75386,1 2 3 4 5
75389,1 2 3 4 5
75390,1 2 3 4 5
75394,1 2 3 4 5
75417,1 2 3 4 5
75436,1 2 3 4 5
75454,1 2 3 4 5
75467,1 2 3 4 5
75468,1 2 3 4 5
75472,1 2 3 4 5
75492,1 2 3 4 5
75503,1 2 3 4 5
75507,1 2 3 4 5
75509,1 2 3 4 5
75511,1 2 3 4 5
75531,1 2 3 4 5
75538,1 2 3 4 5
75543,1 2 3 4 5
75549,1 2 3 4 5
75557,1 2 3 4 5
75558,1 2 3 4 5
75569,1 2 3 4 5
75572,1 2 3 4 5
75574,1 2 3 4 5
75576,1 2 3 4 5
75577,1 2 3 4 5
75585,1 2 3 4 5
75586,1 2 3 4 5
75588,1 2 3 4 5
75590,1 2 3 4 5
75592,1 2 3 4 5
75603,1 2 3 4 5
75605,1 2 3 4 5
75612,1 2 3 4 5
75619,1 2 3 4 5
75633,1 2 3 4 5
75635,1 2 3 4 5
75668,1 2 3 4 5
75681,1 2 3 4 5
75684,1 2 3 4 5
75692,1 2 3 4 5
75700,1 2 3 4 5
75707,1 2 3 4 5
75713,1 2 3 4 5
75714,1 2 3 4 5
75732,1 2 3 4 5
75750,1 2 3 4 5
75754,1 2 3 4 5
75760,1 2 3 4 5
75766,1 2 3 4 5
75777,1 2 3 4 5
75785,1 2 3 4 5
75792,1 2 3 4 5
75799,1 2 3 4 5
75802,1 2 3 4 5
75807,1 2 3 4 5
75817,1 2 3 4 5
75819,1 2 3 4 5
75825,1 2 3 4 5
75826,1 2 3 4 5
75834,1 2 3 4 5
75838,1 2 3 4 5
75856,1 2 3 4 5
75863,1 2 3 4 5
75873,1 2 3 4 5
75875,1 2 3 4 5
75878,1 2 3 4 5
75881,1 2 3 4 5
75883,1 2 3 4 5
75884,1 2 3 4 5
75889,1 2 3 4 5
75890,1 2 3 4 5
75895,1 2 3 4 5
75897,1 2 3 4 5
75909,1 2 3 4 5
75912,1 2 3 4 5
75915,1 2 3 4 5
75924,1 2 3 4 5
75925,1 2 3 4 5
75928,1 2 3 4 5
75933,1 2 3 4 5
75937,1 2 3 4 5
75938,1 2 3 4 5
75952,1 2 3 4 5
75953,1 2 3 4 5
75956,1 2 3 4 5
75958,1 2 3 4 5
75964,1 2 3 4 5
75968,1 2 3 4 5
75973,1 2 3 4 5
75974,1 2 3 4 5
75975,1 2 3 4 5
75982,1 2 3 4 5
75988,1 2 3 4 5
75992,1 2 3 4 5
75997,1 2 3 4 5
76001,1 2 3 4 5
76004,1 2 3 4 5
76021,1 2 3 4 5
76035,1 2 3 4 5
76044,1 2 3 4 5
76046,1 2 3 4 5
76063,1 2 3 4 5
76066,1 2 3 4 5
76072,1 2 3 4 5
76087,1 2 3 4 5
76088,1 2 3 4 5
76094,1 2 3 4 5
76113,1 2 3 4 5
76119,1 2 3 4 5
76125,1 2 3 4 5
76137,1 2 3 4 5
76146,1 2 3 4 5
76152,1 2 3 4 5
76160,1 2 3 4 5
76161,1 2 3 4 5
76181,1 2 3 4 5
76187,1 2 3 4 5
76197,1 2 3 4 5
76202,1 2 3 4 5
76207,1 2 3 4 5
76211,1 2 3 4 5
76218,1 2 3 4 5
76229,1 2 3 4 5
76233,1 2 3 4 5
76237,1 2 3 4 5
76241,1 2 3 4 5
76242,1 2 3 4 5
76244,1 2 3 4 5
76247,1 2 3 4 5
76248,1 2 3 4 5
76251,1 2 3 4 5
76255,1 2 3 4 5
76269,1 2 3 4 5
76275,1 2 3 4 5
76298,1 2 3 4 5
76299,1 2 3 4 5
76314,1 2 3 4 5
76325,1 2 3 4 5
76328,1 2 3 4 5
76333,1 2 3 4 5
76337,1 2 3 4 5
76344,1 2 3 4 5
76345,1 2 3 4 5
76356,1 2 3 4 5
76358,1 2 3 4 5
76369,1 2 3 4 5
76372,1 2 3 4 5
76376,1 2 3 4 5
76379,1 2 3 4 5
76380,1 2 3 4 5
76398,1 2 3 4 5
76400,1 2 3 4 5
76401,1 2 3 4 5
76409,1 2 3 4 5
76414,1 2 3 4 5
76422,1 2 3 4 5
76429,1 2 3 4 5
76437,1 2 3 4 5
76445,1 2 3 4 5
76446,1 2 3 4 5
76467,1 2 3 4 5
76471,1 2 3 4 5
76472,1 2 3 4 5
76485,1 2 3 4 5
76488,1 2 3 4 5
76490,1 2 3 4 5
76500,1 2 3 4 5
76502,1 2 3 4 5
76507,1 2 3 4 5
76526,1 2 3 4 5
76530,1 2 3 4 5
76534,1 2 3 4 5
76535,1 2 3 4 5
76544,1 2 3 4 5
76555,1 2 3 4 5
76557,1 2 3 4 5
76583,1 2 3 4 5
76593,1 2 3 4 5
76616,1 2 3 4 5
76624,1 2 3 4 5
76629,1 2 3 4 5
76630,1 2 3 4 5
76635,1 2 3 4 5
76640,1 2 3 4 5
76643,1 2 3 4 5
76646,1 2 3 4 5
76653,1 2 3 4 5
76658,1 2 3 4 5
76674,1 2 3 4 5
76678,1 2 3 4 5
76683,1 2 3 4 5
76684,1 2 3 4 5
76685,1 2 3 4 5
76688,1 2 3 4 5
76691,1 2 3 4 5
76697,1 2 3 4 5
76704,1 2 3 4 5
76705,1 2 3 4 5
76708,1 2 3 4 5
76714,1 2 3 4 5
76715,1 2 3 4 5
76716,1 2 3 4 5
76721,1 2 3 4 5
76723,1 2 3 4 5
76724,1 2 3 4 5
76737,1 2 3 4 5
76754,1 2 3 4 5
76760,1 2 3 4 5
76764,1 2 3 4 5
76779,1 2 3 4 5
76784,1 2 3 4 5
76791,1 2 3 4 5
76820,1 2 3 4 5
76824,1 2 3 4 5
76828,1 2 3 4 5
76831,1 2 3 4 5
76839,1 2 3 4 5
76844,1 2 3 4 5
76848,1 2 3 4 5
76854,1 2 3 4 5
76866,1 2 3 4 5
76867,1 2 3 4 5
76870,1 2 3 4 5
76871,1 2 3 4 5
76881,1 2 3 4 5
76885,1 2 3 4 5
76888,1 2 3 4 5
76890,1 2 3 4 5
76891,1 2 3 4 5
76894,1 2 3 4 5
76897,1 2 3 4 5
76903,1 2 3 4 5
76912,1 2 3 4 5
76919,1 2 3 4 5
76927,1 2 3 4 5
76930,1 2 3 4 5
76937,1 2 3 4 5
76940,1 2 3 4 5
76941,1 2 3 4 5
76949,1 2 3 4 5
76952,1 2 3 4 5
76962,1 2 3 4 5
76971,1 2 3 4 5
76978,1 2 3 4 5
76981,1 2 3 4 5
76983,1 2 3 4 5
76993,1 2 3 4 5
76997,1 2 3 4 5
76998,1 2 3 4 5
77001,1 2 3 4 5
77004,1 2 3 4 5
77011,1 2 3 4 5
77023,1 2 3 4 5
77030,1 2 3 4 5
77053,1 2 3 4 5
77057,1 2 3 4 5
77063,1 2 3 4 5
77066,1 2 3 4 5
77075,1 2 3 4 5
77080,1 2 3 4 5
77093,1 2 3 4 5
77106,1 2 3 4 5
77112,1 2 3 4 5
77117,1 2 3 4 5
77126,1 2 3 4 5
77134,1 2 3 4 5
77135,1 2 3 4 5
77140,1 2 3 4 5
77151,1 2 3 4 5
77156,1 2 3 4 5
77157,1 2 3 4 5
77159,1 2 3 4 5
77160,1 2 3 4 5
77163,1 2 3 4 5
77173,1 2 3 4 5
77175,1 2 3 4 5
77186,1 2 3 4 5
77206,1 2 3 4 5
77207,1 2 3 4 5
77220,1 2 3 4 5
77250,1 2 3 4 5
77262,1 2 3 4 5
77267,1 2 3 4 5
77270,1 2 3 4 5
77280,1 2 3 4 5
77282,1 2 3 4 5
77286,1 2 3 4 5
77305,1 2 3 4 5
77307,1 2 3 4 5
77310,1 2 3 4 5
77312,1 2 3 4 5
77325,1 2 3 4 5
77341,1 2 3 4 5
77343,1 2 3 4 5
77346,1 2 3 4 5
77351,1 2 3 4 5
77359,1 2 3 4 5
77364,1 2 3 4 5
77365,1 2 3 4 5
77371,1 2 3 4 5
77377,1 2 3 4 5
77388,1 2 3 4 5
77390,1 2 3 4 5
77391,1 2 3 4 5
77392,1 2 3 4 5
77422,1 2 3 4 5
77426,1 2 3 4 5
77428,1 2 3 4 5
77430,1 2 3 4 5
77434,1 2 3 4 5
77435,1 2 3 4 5
77437,1 2 3 4 5
77443,1 2 3 4 5
77455,1 2 3 4 5
77462,1 2 3 4 5
77466,1 2 3 4 5
77469,1 2 3 4 5
77482,1 2 3 4 5
77486,1 2 3 4 5
77490,1 2 3 4 5
77491,1 2 3 4 5
77493,1 2 3 4 5
77498,1 2 3 4 5
77500,1 2 3 4 5
77505,1 2 3 4 5
77509,1 2 3 4 5
77520,1 2 3 4 5
77524,1 2 3 4 5
77526,1 2 3 4 5
77531,1 2 3 4 5
77538,1 2 3 4 5
77549,1 2 3 4 5
77555,1 2 3 4 5
77565,1 2 3 4 5
77566,1 2 3 4 5
77583,1 2 3 4 5
77588,1 2 3 4 5
77590,1 2 3 4 5
77591,1 2 3 4 5
77593,1 2 3 4 5
77597,1 2 3 4 5
77598,1 2 3 4 5
77606,1 2 3 4 5
77609,1 2 3 4 5
77610,1 2 3 4 5
77626,1 2 3 4 5
77630,1 2 3 4 5
77631,1 2 3 4 5
77635,1 2 3 4 5
77636,1 2 3 4 5
77649,1 2 3 4 5
77660,1 2 3 4 5
77671,1 2 3 4 5
77676,1 2 3 4 5
77679,1 2 3 4 5
77683,1 2 3 4 5
77708,1 2 3 4 5
77721,1 2 3 4 5
77722,1 2 3 4 5
77726,1 2 3 4 5
77739,1 2 3 4 5
77743,1 2 3 4 5
77744,1 2 3 4 5
77745,1 2 3 4 5
77763,1 2 3 4 5
77765,1 2 3 4 5
77774,1 2 3 4 5
77779,1 2 3 4 5
77781,1 2 3 4 5
77784,1 2 3 4 5
77790,1 2 3 4 5
77794,1 2 3 4 5
77796,1 2 3 4 5
77801,1 2 3 4 5
77819,1 2 3 4 5
77821,1 2 3 4 5
77830,1 2 3 4 5
77831,1 2 3 4 5
77836,1 2 3 4 5
77839,1 2 3 4 5
77842,1 2 3 4 5
77862,1 2 3 4 5
77884,1 2 3 4 5
77887,1 2 3 4 5
77898,1 2 3 4 5
77915,1 2 3 4 5
77916,1 2 3 4 5
77924,1 2 3 4 5
77927,1 2 3 4 5
77934,1 2 3 4 5
77943,1 2 3 4 5
77952,1 2 3 4 5
77954,1 2 3 4 5
77966,1 2 3 4 5
77971,1 2 3 4 5
77980,1 2 3 4 5
77986,1 2 3 4 5
77991,1 2 3 4 5
77998,1 2 3 4 5
78001,1 2 3 4 5
78030,1 2 3 4 5
78040,1 2 3 4 5
78041,1 2 3 4 5
78045,1 2 3 4 5
78053,1 2 3 4 5
78054,1 2 3 4 5
78055,1 2 3 4 5
78057,1 2 3 4 5
78061,1 2 3 4 5
78068,1 2 3 4 5
78071,1 2 3 4 5
78072,1 2 3 4 5
78075,1 2 3 4 5
78076,1 2 3 4 5
78077,1 2 3 4 5
78083,1 2 3 4 5
78085,1 2 3 4 5
78089,1 2 3 4 5
78095,1 2 3 4 5
78099,1 2 3 4 5
78104,1 2 3 4 5
78105,1 2 3 4 5
78109,1 2 3 4 5
78111,1 2 3 4 5
78116,1 2 3 4 5
78125,1 2 3 4 5
78129,1 2 3 4 5
78134,1 2 3 4 5
78136,1 2 3 4 5
78140,1 2 3 4 5
78147,1 2 3 4 5
78149,1 2 3 4 5
78152,1 2 3 4 5
78187,1 2 3 4 5
78190,1 2 3 4 5
78194,1 2 3 4 5
78214,1 2 3 4 5
78216,1 2 3 4 5
78222,1 2 3 4 5
78223,1 2 3 4 5
78227,1 2 3 4 5
78234,1 2 3 4 5
78243,1 2 3 4 5
78254,1 2 3 4 5
78274,1 2 3 4 5
78277,1 2 3 4 5
78281,1 2 3 4 5
78296,1 2 3 4 5
78299,1 2 3 4 5
78316,1 2 3 4 5
78318,1 2 3 4 5
78319,1 2 3 4 5
78329,1 2 3 4 5
78330,1 2 3 4 5
78331,1 2 3 4 5
78339,1 2 3 4 5
78341,1 2 3 4 5
78342,1 2 3 4 5
78350,1 2 3 4 5
78353,1 2 3 4 5
78356,1 2 3 4 5
78369,1 2 3 4 5
78377,1 2 3 4 5
78383,1 2 3 4 5
78385,1 2 3 4 5
78398,1 2 3 4 5
78399,1 2 3 4 5
78406,1 2 3 4 5
78424,1 2 3 4 5
78428,1 2 3 4 5
78439,1 2 3 4 5
78441,1 2 3 4 5
78446,1 2 3 4 5
78462,1 2 3 4 5
78471,1 2 3 4 5
78472,1 2 3 4 5
78487,1 2 3 4 5
78500,1 2 3 4 5
78502,1 2 3 4 5
78504,1 2 3 4 5
78513,1 2 3 4 5
78521,1 2 3 4 5
78529,1 2 3 4 5
78531,1 2 3 4 5
78535,1 2 3 4 5
78540,1 2 3 4 5
78542,1 2 3 4 5
78561,1 2 3 4 5
78563,1 2 3 4 5
78565,1 2 3 4 5
78566,1 2 3 4 5
78569,1 2 3 4 5
78581,1 2 3 4 5
78583,1 2 3 4 5
78585,1 2 3 4 5
78595,1 2 3 4 5
78602,1 2 3 4 5
78604,1 2 3 4 5
78619,1 2 3 4 5
78631,1 2 3 4 5
78649,1 2 3 4 5
78674,1 2 3 4 5
78684,1 2 3 4 5
78725,1 2 3 4 5
78726,1 2 3 4 5
78727,1 2 3 4 5
78734,1 2 3 4 5
78740,1 2 3 4 5
78741,1 2 3 4 5
78750,1 2 3 4 5
78755,1 2 3 4 5
78764,1 2 3 4 5
78769,1 2 3 4 5
78770,1 2 3 4 5
78777,1 2 3 4 5
78778,1 2 3 4 5
78779,1 2 3 4 5
78784,1 2 3 4 5
78786,1 2 3 4 5
78793,1 2 3 4 5
78800,1 2 3 4 5
78805,1 2 3 4 5
78810,1 2 3 4 5
78814,1 2 3 4 5
78818,1 2 3 4 5
78821,1 2 3 4 5
78842,1 2 3 4 5
78846,1 2 3 4 5
78848,1 2 3 4 5
78856,1 2 3 4 5
78857,1 2 3 4 5
78863,1 2 3 4 5
78867,1 2 3 4 5
78873,1 2 3 4 5
78880,1 2 3 4 5
78893,1 2 3 4 5
78896,1 2 3 4 5
78903,1 2 3 4 5
78908,1 2 3 4 5
78919,1 2 3 4 5
78920,1 2 3 4 5
78931,1 2 3 4 5
78939,1 2 3 4 5
78940,1 2 3 4 5
78948,1 2 3 4 5
78953,1 2 3 4 5
78955,1 2 3 4 5
78969,1 2 3 4 5
78972,1 2 3 4 5
78974,1 2 3 4 5
78975,1 2 3 4 5
78976,1 2 3 4 5
78978,1 2 3 4 5
78987,1 2 3 4 5
78991,1 2 3 4 5
78997,1 2 3 4 5
78998,1 2 3 4 5
79008,1 2 3 4 5
79010,1 2 3 4 5
79020,1 2 3 4 5
79023,1 2 3 4 5
79026,1 2 3 4 5
79044,1 2 3 4 5
79049,1 2 3 4 5
79050,1 2 3 4 5
79054,1 2 3 4 5
79057,1 2 3 4 5
79061,1 2 3 4 5
79066,1 2 3 4 5
79080,1 2 3 4 5
79095,1 2 3 4 5
79098,1 2 3 4 5
79102,1 2 3 4 5
79103,1 2 3 4 5
79116,1 2 3 4 5
79118,1 2 3 4 5
79125,1 2 3 4 5
79126,1 2 3 4 5
79139,1 2 3 4 5
79140,1 2 3 4 5
79141,1 2 3 4 5
79147,1 2 3 4 5
79150,1 2 3 4 5
79154,1 2 3 4 5
79170,1 2 3 4 5
79173,1 2 3 4 5
79174,1 2 3 4 5
79184,1 2 3 4 5
79190,1 2 3 4 5
79221,1 2 3 4 5
79226,1 2 3 4 5
79231,1 2 3 4 5
79240,1 2 3 4 5
79242,1 2 3 4 5
79253,1 2 3 4 5
79255,1 2 3 4 5
79267,1 2 3 4 5
79276,1 2 3 4 5
79280,1 2 3 4 5
79286,1 2 3 4 5
79294,1 2 3 4 5
79304,1 2 3 4 5
79306,1 2 3 4 5
79307,1 2 3 4 5
79323,1 2 3 4 5
79328,1 2 3 4 5
79333,1 2 3 4 5
79337,1 2 3 4 5
79339,1 2 3 4 5
79344,1 2 3 4 5
79345,1 2 3 4 5
79347,1 2 3 4 5
79348,1 2 3 4 5
79367,1 2 3 4 5
79369,1 2 3 4 5
79376,1 2 3 4 5
79380,1 2 3 4 5
79394,1 2 3 4 5
79397,1 2 3 4 5
79401,1 2 3 4 5
79402,1 2 3 4 5
79407,1 2 3 4 5
79411,1 2 3 4 5
79416,1 2 3 4 5
79417,1 2 3 4 5
79428,1 2 3 4 5
79438,1 2 3 4 5
79442,1 2 3 4 5
79443,1 2 3 4 5
79446,1 2 3 4 5
79450,1 2 3 4 5
79453,1 2 3 4 5
79471,1 2 3 4 5
79479,1 2 3 4 5
79486,1 2 3 4 5
79511,1 2 3 4 5
79516,1 2 3 4 5
79521,1 2 3 4 5
79532,1 2 3 4 5
79537,1 2 3 4 5
79551,1 2 3 4 5
79556,1 2 3 4 5
79566,1 2 3 4 5
79574,1 2 3 4 5
79575,1 2 3 4 5
79577,1 2 3 4 5
79584,1 2 3 4 5
79589,1 2 3 4 5
79592,1 2 3 4 5
79621,1 2 3 4 5
79629,1 2 3 4 5
79631,1 2 3 4 5
79633,1 2 3 4 5
79660,1 2 3 4 5
79666,1 2 3 4 5
79671,1 2 3 4 5
79676,1 2 3 4 5
79684,1 2 3 4 5
79714,1 2 3 4 5
79717,1 2 3 4 5
79722,1 2 3 4 5
79723,1 2 3 4 5
79727,1 2 3 4 5
79728,1 2 3 4 5
79739,1 2 3 4 5
79748,1 2 3 4 5
79752,1 2 3 4 5
79756,1 2 3 4 5
79758,1 2 3 4 5
79776,1 2 3 4 5
79796,1 2 3 4 5
79814,1 2 3 4 5
79822,1 2 3 4 5
79827,1 2 3 4 5
79828,1 2 3 4 5
79833,1 2 3 4 5
79843,1 2 3 4 5
79847,1 2 3 4 5
79861,1 2 3 4 5
79865,1 2 3 4 5
79867,1 2 3 4 5
79869,1 2 3 4 5
79876,1 2 3 4 5
79879,1 2 3 4 5
79884,1 2 3 4 5
79893,1 2 3 4 5
79906,1 2 3 4 5
79908,1 2 3 4 5
79911,1 2 3 4 5
79930,1 2 3 4 5
79932,1 2 3 4 5
79940,1 2 3 4 5
79945,1 2 3 4 5
79946,1 2 3 4 5
79960,1 2 3 4 5
79962,1 2 3 4 5
79977,1 2 3 4 5
79985,1 2 3 4 5
79987,1 2 3 4 5
79988,1 2 3 4 5
79990,1 2 3 4 5
79993,1 2 3 4 5
80007,1 2 3 4 5
80013,1 2 3 4 5
80016,1 2 3 4 5
80017,1 2 3 4 5
80018,1 2 3 4 5
80033,1 2 3 4 5
80050,1 2 3 4 5
80053,1 2 3 4 5
80054,1 2 3 4 5
80087,1 2 3 4 5
80108,1 2 3 4 5
80112,1 2 3 4 5
80116,1 2 3 4 5
80128,1 2 3 4 5
80130,1 2 3 4 5
80157,1 2 3 4 5
80160,1 2 3 4 5
80161,1 2 3 4 5
80162,1 2 3 4 5
80166,1 2 3 4 5
80170,1 2 3 4 5
80173,1 2 3 4 5
80187,1 2 3 4 5
80191,1 2 3 4 5
80194,1 2 3 4 5
80208,1 2 3 4 5
80240,1 2 3 4 5
80246,1 2 3 4 5
80249,1 2 3 4 5
80250,1 2 3 4 5
80253,1 2 3 4 5
80255,1 2 3 4 5
80256,1 2 3 4 5
80260,1 2 3 4 5
80262,1 2 3 4 5
80275,1 2 3 4 5
80277,1 2 3 4 5
80281,1 2 3 4 5
80282,1 2 3 4 5
80283,1 2 3 4 5
80296,1 2 3 4 5
80309,1 2 3 4 5
80323,1 2 3 4 5
80324,1 2 3 4 5
80326,1 2 3 4 5
80334,1 2 3 4 5
80354,1 2 3 4 5
80366,1 2 3 4 5
80368,1 2 3 4 5
80380,1 2 3 4 5
80397,1 2 3 4 5
80432,1 2 3 4 5
80438,1 2 3 4 5
80439,1 2 3 4 5
80446,1 2 3 4 5
80460,1 2 3 4 5
80474,1 2 3 4 5
80475,1 2 3 4 5
80481,1 2 3 4 5
80491,1 2 3 4 5
80498,1 2 3 4 5
80499,1 2 3 4 5
80502,1 2 3 4 5
80504,1 2 3 4 5
80506,1 2 3 4 5
80510,1 2 3 4 5
80513,1 2 3 4 5
80515,1 2 3 4 5
80518,1 2 3 4 5
80544,1 2 3 4 5
80554,1 2 3 4 5
80591,1 2 3 4 5
80597,1 2 3 4 5
80599,1 2 3 4 5
80603,1 2 3 4 5
80604,1 2 3 4 5
80614,1 2 3 4 5
80636,1 2 3 4 5
80643,1 2 3 4 5
80646,1 2 3 4 5
80661,1 2 3 4 5
80673,1 2 3 4 5
80683,1 2 3 4 5
80691,1 2 3 4 5
80693,1 2 3 4 5
80699,1 2 3 4 5
80703,1 2 3 4 5
80714,1 2 3 4 5
80720,1 2 3 4 5
80723,1 2 3 4 5
80726,1 2 3 4 5
80743,1 2 3 4 5
80744,1 2 3 4 5
80747,1 2 3 4 5
80755,1 2 3 4 5
80764,1 2 3 4 5
80776,1 2 3 4 5
80777,1 2 3 4 5
80787,1 2 3 4 5
80794,1 2 3 4 5
80808,1 2 3 4 5
80825,1 2 3 4 5
80842,1 2 3 4 5
80857,1 2 3 4 5
80861,1 2 3 4 5
80863,1 2 3 4 5
80876,1 2 3 4 5
80878,1 2 3 4 5
80879,1 2 3 4 5
80884,1 2 3 4 5
80888,1 2 3 4 5
80909,1 2 3 4 5
80911,1 2 3 4 5
80913,1 2 3 4 5
80916,1 2 3 4 5
80919,1 2 3 4 5
80921,1 2 3 4 5
80929,1 2 3 4 5
80954,1 2 3 4 5
80955,1 2 3 4 5
80964,1 2 3 4 5
80967,1 2 3 4 5
80980,1 2 3 4 5
80989,1 2 3 4 5
80990,1 2 3 4 5
80992,1 2 3 4 5
80993,1 2 3 4 5
80997,1 2 3 4 5
80998,1 2 3 4 5
81000,1 2 3 4 5
81006,1 2 3 4 5
81012,1 2 3 4 5
81016,1 2 3 4 5
81019,1 2 3 4 5
81020,1 2 3 4 5
81024,1 2 3 4 5
81027,1 2 3 4 5
81035,1 2 3 4 5
81042,1 2 3 4 5
81046,1 2 3 4 5
81051,1 2 3 4 5
81053,1 2 3 4 5
81061,1 2 3 4 5
81066,1 2 3 4 5
81071,1 2 3 4 5
81072,1 2 3 4 5
81074,1 2 3 4 5
81075,1 2 3 4 5
81078,1 2 3 4 5
81085,1 2 3 4 5
81088,1 2 3 4 5
81089,1 2 3 4 5
81092,1 2 3 4 5
81095,1 2 3 4 5
81105,1 2 3 4 5
81106,1 2 3 4 5
81114,1 2 3 4 5
81119,1 2 3 4 5
81124,1 2 3 4 5
81131,1 2 3 4 5
81143,1 2 3 4 5
81145,1 2 3 4 5
81157,1 2 3 4 5
81166,1 2 3 4 5
81167,1 2 3 4 5
81173,1 2 3 4 5
81178,1 2 3 4 5
81188,1 2 3 4 5
81197,1 2 3 4 5
81206,1 2 3 4 5
81208,1 2 3 4 5
81211,1 2 3 4 5
81217,1 2 3 4 5
81223,1 2 3 4 5
81224,1 2 3 4 5
81235,1 2 3 4 5
81254,1 2 3 4 5
81259,1 2 3 4 5
81261,1 2 3 4 5
81262,1 2 3 4 5
81272,1 2 3 4 5
81284,1 2 3 4 5
81287,1 2 3 4 5
81289,1 2 3 4 5
81292,1 2 3 4 5
81305,1 2 3 4 5
81309,1 2 3 4 5
81333,1 2 3 4 5
81334,1 2 3 4 5
81339,1 2 3 4 5
81348,1 2 3 4 5
81364,1 2 3 4 5
81375,1 2 3 4 5
81379,1 2 3 4 5
81382,1 2 3 4 5
81384,1 2 3 4 5
81395,1 2 3 4 5
81400,1 2 3 4 5
81413,1 2 3 4 5
81425,1 2 3 4 5
81426,1 2 3 4 5
81442,1 2 3 4 5
81444,1 2 3 4 5
81454,1 2 3 4 5
81461,1 2 3 4 5
81463,1 2 3 4 5
81476,1 2 3 4 5
81478,1 2 3 4 5
81486,1 2 3 4 5
81487,1 2 3 4 5
81489,1 2 3 4 5
81493,1 2 3 4 5
81494,1 2 3 4 5
81501,1 2 3 4 5
81502,1 2 3 4 5
81503,1 2 3 4 5
81508,1 2 3 4 5
81514,1 2 3 4 5
81526,1 2 3 4 5
81532,1 2 3 4 5
81536,1 2 3 4 5
81544,1 2 3 4 5
81546,1 2 3 4 5
81564,1 2 3 4 5
81574,1 2 3 4 5
81596,1 2 3 4 5
81597,1 2 3 4 5
81618,1 2 3 4 5
81641,1 2 3 4 5
81656,1 2 3 4 5
81660,1 2 3 4 5
81663,1 2 3 4 5
81665,1 2 3 4 5
81666,1 2 3 4 5
81692,1 2 3 4 5
81693,1 2 3 4 5
81694,1 2 3 4 5
81700,1 2 3 4 5
81704,1 2 3 4 5
81716,1 2 3 4 5
81737,1 2 3 4 5
81738,1 2 3 4 5
81739,1 2 3 4 5
81744,1 2 3 4 5
81761,1 2 3 4 5
81764,1 2 3 4 5
81780,1 2 3 4 5
81782,1 2 3 4 5
81796,1 2 3 4 5
81797,1 2 3 4 5
81803,1 2 3 4 5
81804,1 2 3 4 5
81808,1 2 3 4 5
81810,1 2 3 4 5
81814,1 2 3 4 5
81819,1 2 3 4 5
81833,1 2 3 4 5
81836,1 2 3 4 5
81837,1 2 3 4 5
81838,1 2 3 4 5
81845,1 2 3 4 5
81856,1 2 3 4 5
81858,1 2 3 4 5
81861,1 2 3 4 5
81867,1 2 3 4 5
81871,1 2 3 4 5
81878,1 2 3 4 5
81890,1 2 3 4 5
81892,1 2 3 4 5
81898,1 2 3 4 5
81899,1 2 3 4 5
81901,1 2 3 4 5
81903,1 2 3 4 5
81911,1 2 3 4 5
81923,1 2 3 4 5
81943,1 2 3 4 5
81949,1 2 3 4 5
81950,1 2 3 4 5
81957,1 2 3 4 5
81962,1 2 3 4 5
81977,1 2 3 4 5
81979,1 2 3 4 5
81982,1 2 3 4 5
81988,1 2 3 4 5
81997,1 2 3 4 5
82013,1 2 3 4 5
82023,1 2 3 4 5
82039,1 2 3 4 5
82044,1 2 3 4 5
82045,1 2 3 4 5
82048,1 2 3 4 5
82059,1 2 3 4 5
82064,1 2 3 4 5
82067,1 2 3 4 5
82068,1 2 3 4 5
82076,1 2 3 4 5
82081,1 2 3 4 5
82083,1 2 3 4 5
82091,1 2 3 4 5
82101,1 2 3 4 5
82118,1 2 3 4 5
82119,1 2 3 4 5
82143,1 2 3 4 5
82149,1 2 3 4 5
82156,1 2 3 4 5
82157,1 2 3 4 5
82158,1 2 3 4 5
82160,1 2 3 4 5
82166,1 2 3 4 5
82180,1 2 3 4 5
82186,1 2 3 4 5
82199,1 2 3 4 5
82201,1 2 3 4 5
82204,1 2 3 4 5
82205,1 2 3 4 5
82212,1 2 3 4 5
82221,1 2 3 4 5
82225,1 2 3 4 5
82227,1 2 3 4 5
82234,1 2 3 4 5
82243,1 2 3 4 5
82244,1 2 3 4 5
82246,1 2 3 4 5
82251,1 2 3 4 5
82256,1 2 3 4 5
82260,1 2 3 4 5
82275,1 2 3 4 5
82292,1 2 3 4 5
82311,1 2 3 4 5
82330,1 2 3 4 5
82338,1 2 3 4 5
82339,1 2 3 4 5
82347,1 2 3 4 5
82351,1 2 3 4 5
82352,1 2 3 4 5
82353,1 2 3 4 5
82371,1 2 3 4 5
82375,1 2 3 4 5
82382,1 2 3 4 5
82384,1 2 3 4 5
82394,1 2 3 4 5
82395,1 2 3 4 5
82403,1 2 3 4 5
82405,1 2 3 4 5
82407,1 2 3 4 5
82409,1 2 3 4 5
82416,1 2 3 4 5
82438,1 2 3 4 5
82450,1 2 3 4 5
82451,1 2 3 4 5
82462,1 2 3 4 5
82471,1 2 3 4 5
82476,1 2 3 4 5
82479,1 2 3 4 5
82487,1 2 3 4 5
82502,1 2 3 4 5
82511,1 2 3 4 5
82515,1 2 3 4 5
82516,1 2 3 4 5
82518,1 2 3 4 5
82519,1 2 3 4 5
82521,1 2 3 4 5
82525,1 2 3 4 5
82527,1 2 3 4 5
82547,1 2 3 4 5
82553,1 2 3 4 5
82562,1 2 3 4 5
82565,1 2 3 4 5
82570,1 2 3 4 5
82586,1 2 3 4 5
82602,1 2 3 4 5
82606,1 2 3 4 5
82608,1 2 3 4 5
82609,1 2 3 4 5
82618,1 2 3 4 5
82625,1 2 3 4 5
82630,1 2 3 4 5
82634,1 2 3 4 5
82648,1 2 3 4 5
82649,1 2 3 4 5
82653,1 2 3 4 5
82663,1 2 3 4 5
82667,1 2 3 4 5
82668,1 2 3 4 5
82669,1 2 3 4 5
82670,1 2 3 4 5
82671,1 2 3 4 5
82676,1 2 3 4 5
82677,1 2 3 4 5
82684,1 2 3 4 5
82688,1 2 3 4 5
82702,1 2 3 4 5
82704,1 2 3 4 5
82716,1 2 3 4 5
82726,1 2 3 4 5
82731,1 2 3 4 5
82745,1 2 3 4 5
82750,1 2 3 4 5
82754,1 2 3 4 5
82778,1 2 3 4 5
82779,1 2 3 4 5
82792,1 2 3 4 5
82797,1 2 3 4 5
82800,1 2 3 4 5
82813,1 2 3 4 5
82817,1 2 3 4 5
82827,1 2 3 4 5
82829,1 2 3 4 5
82835,1 2 3 4 5
82836,1 2 3 4 5
82843,1 2 3 4 5
82844,1 2 3 4 5
82860,1 2 3 4 5
82861,1 2 3 4 5
82870,1 2 3 4 5
82881,1 2 3 4 5
82882,1 2 3 4 5
82884,1 2 3 4 5
82898,1 2 3 4 5
82903,1 2 3 4 5
82905,1 2 3 4 5
82915,1 2 3 4 5
82930,1 2 3 4 5
82933,1 2 3 4 5
82934,1 2 3 4 5
82943,1 2 3 4 5
82964,1 2 3 4 5
82982,1 2 3 4 5
82996,1 2 3 4 5
83020,1 2 3 4 5
83030,1 2 3 4 5
83038,1 2 3 4 5
83042,1 2 3 4 5
83044,1 2 3 4 5
83045,1 2 3 4 5
83049,1 2 3 4 5
83056,1 2 3 4 5
83060,1 2 3 4 5
83066,1 2 3 4 5
83070,1 2 3 4 5
83090,1 2 3 4 5
83105,1 2 3 4 5
83109,1 2 3 4 5
83110,1 2 3 4 5
83113,1 2 3 4 5
83125,1 2 3 4 5
83132,1 2 3 4 5
83135,1 2 3 4 5
83157,1 2 3 4 5
83161,1 2 3 4 5
83169,1 2 3 4 5
83189,1 2 3 4 5
83190,1 2 3 4 5
83196,1 2 3 4 5
83197,1 2 3 4 5
83202,1 2 3 4 5
83216,1 2 3 4 5
83222,1 2 3 4 5
83224,1 2 3 4 5
83225,1 2 3 4 5
83228,1 2 3 4 5
83231,1 2 3 4 5
83232,1 2 3 4 5
83250,1 2 3 4 5
83252,1 2 3 4 5
83257,1 2 3 4 5
83260,1 2 3 4 5
83269,1 2 3 4 5
83272,1 2 3 4 5
83276,1 2 3 4 5
83282,1 2 3 4 5
83287,1 2 3 4 5
83293,1 2 3 4 5
83312,1 2 3 4 5
83315,1 2 3 4 5
83320,1 2 3 4 5
83322,1 2 3 4 5
83336,1 2 3 4 5
83338,1 2 3 4 5
83341,1 2 3 4 5
83343,1 2 3 4 5
83357,1 2 3 4 5
83368,1 2 3 4 5
83380,1 2 3 4 5
83381,1 2 3 4 5
83384,1 2 3 4 5
83386,1 2 3 4 5
83387,1 2 3 4 5
83389,1 2 3 4 5
83400,1 2 3 4 5
83405,1 2 3 4 5
83463,1 2 3 4 5
83465,1 2 3 4 5
83469,1 2 3 4 5
83474,1 2 3 4 5
83500,1 2 3 4 5
83530,1 2 3 4 5
83531,1 2 3 4 5
83541,1 2 3 4 5
83547,1 2 3 4 5
83550,1 2 3 4 5
83552,1 2 3 4 5
83557,1 2 3 4 5
83566,1 2 3 4 5
83572,1 2 3 4 5
83579,1 2 3 4 5
83582,1 2 3 4 5
83590,1 2 3 4 5
83603,1 2 3 4 5
83611,1 2 3 4 5
83624,1 2 3 4 5
83626,1 2 3 4 5
83636,1 2 3 4 5
83637,1 2 3 4 5
83642,1 2 3 4 5
83650,1 2 3 4 5
83654,1 2 3 4 5
83665,1 2 3 4 5
83666,1 2 3 4 5
83682,1 2 3 4 5
83683,1 2 3 4 5
83684,1 2 3 4 5
83695,1 2 3 4 5
83696,1 2 3 4 5
83698,1 2 3 4 5
83705,1 2 3 4 5
83707,1 2 3 4 5
83709,1 2 3 4 5
83710,1 2 3 4 5
83711,1 2 3 4 5
83712,1 2 3 4 5
83715,1 2 3 4 5
83729,1 2 3 4 5
83743,1 2 3 4 5
83748,1 2 3 4 5
83749,1 2 3 4 5
83750,1 2 3 4 5
83771,1 2 3 4 5
83798,1 2 3 4 5
83801,1 2 3 4 5
83811,1 2 3 4 5
83812,1 2 3 4 5
83822,1 2 3 4 5
83827,1 2 3 4 5
83837,1 2 3 4 5
83841,1 2 3 4 5
83844,1 2 3 4 5
83848,1 2 3 4 5
83855,1 2 3 4 5
83856,1 2 3 4 5
83857,1 2 3 4 5
83870,1 2 3 4 5
83880,1 2 3 4 5
83884,1 2 3 4 5
83895,1 2 3 4 5
83900,1 2 3 4 5
83909,1 2 3 4 5
83913,1 2 3 4 5
83915,1 2 3 4 5
83929,1 2 3 4 5
83931,1 2 3 4 5
83935,1 2 3 4 5
83938,1 2 3 4 5
83939,1 2 3 4 5
83942,1 2 3 4 5
83945,1 2 3 4 5
83949,1 2 3 4 5
83967,1 2 3 4 5
83972,1 2 3 4 5
83986,1 2 3 4 5
84004,1 2 3 4 5
84019,1 2 3 4 5
84024,1 2 3 4 5
84026,1 2 3 4 5
84031,1 2 3 4 5
84033,1 2 3 4 5
84045,1 2 3 4 5
84053,1 2 3 4 5
84060,1 2 3 4 5
84069,1 2 3 4 5
84071,1 2 3 4 5
84072,1 2 3 4 5
84074,1 2 3 4 5
84085,1 2 3 4 5
84088,1 2 3 4 5
84104,1 2 3 4 5
84107,1 2 3 4 5
84119,1 2 3 4 5
84121,1 2 3 4 5
84126,1 2 3 4 5
84133,1 2 3 4 5
84135,1 2 3 4 5
84137,1 2 3 4 5
84139,1 2 3 4 5
84148,1 2 3 4 5
84151,1 2 3 4 5
84156,1 2 3 4 5
84159,1 2 3 4 5
84176,1 2 3 4 5
84181,1 2 3 4 5
84195,1 2 3 4 5
84199,1 2 3 4 5
84230,1 2 3 4 5
84231,1 2 3 4 5
84232,1 2 3 4 5
84240,1 2 3 4 5
84248,1 2 3 4 5
84261,1 2 3 4 5
84270,1 2 3 4 5
84272,1 2 3 4 5
84277,1 2 3 4 5
84286,1 2 3 4 5
84290,1 2 3 4 5
84297,1 2 3 4 5
84301,1 2 3 4 5
84312,1 2 3 4 5
84318,1 2 3 4 5
84319,1 2 3 4 5
84323,1 2 3 4 5
84328,1 2 3 4 5
84339,1 2 3 4 5
84346,1 2 3 4 5
84362,1 2 3 4 5
84373,1 2 3 4 5
84377,1 2 3 4 5
84384,1 2 3 4 5
84389,1 2 3 4 5
84393,1 2 3 4 5
84395,1 2 3 4 5
84399,1 2 3 4 5
84402,1 2 3 4 5
84405,1 2 3 4 5
84406,1 2 3 4 5
84407,1 2 3 4 5
84415,1 2 3 4 5
84416,1 2 3 4 5
84417,1 2 3 4 5
84438,1 2 3 4 5
84441,1 2 3 4 5
84444,1 2 3 4 5
84459,1 2 3 4 5
84462,1 2 3 4 5
84477,1 2 3 4 5
84478,1 2 3 4 5
84485,1 2 3 4 5
84489,1 2 3 4 5
84491,1 2 3 4 5
84500,1 2 3 4 5
84502,1 2 3 4 5
84506,1 2 3 4 5
84507,1 2 3 4 5
84511,1 2 3 4 5
84514,1 2 3 4 5
84525,1 2 3 4 5
84526,1 2 3 4 5
84529,1 2 3 4 5
84535,1 2 3 4 5
84541,1 2 3 4 5
84554,1 2 3 4 5
84556,1 2 3 4 5
84560,1 2 3 4 5
84561,1 2 3 4 5
84581,1 2 3 4 5
84583,1 2 3 4 5
84586,1 2 3 4 5
84594,1 2 3 4 5
84599,1 2 3 4 5
84603,1 2 3 4 5
84606,1 2 3 4 5
84619,1 2 3 4 5
84622,1 2 3 4 5
84629,1 2 3 4 5
84644,1 2 3 4 5
84645,1 2 3 4 5
84654,1 2 3 4 5
84655,1 2 3 4 5
84662,1 2 3 4 5
84665,1 2 3 4 5
84667,1 2 3 4 5
84677,1 2 3 4 5
84678,1 2 3 4 5
84679,1 2 3 4 5
84702,1 2 3 4 5
84704,1 2 3 4 5
84705,1 2 3 4 5
84716,1 2 3 4 5
84732,1 2 3 4 5
84736,1 2 3 4 5
84744,1 2 3 4 5
84747,1 2 3 4 5
84759,1 2 3 4 5
84761,1 2 3 4 5
84763,1 2 3 4 5
84765,1 2 3 4 5
84767,1 2 3 4 5
84770,1 2 3 4 5
84777,1 2 3 4 5
84795,1 2 3 4 5
84799,1 2 3 4 5
84806,1 2 3 4 5
84813,1 2 3 4 5
84814,1 2 3 4 5
84826,1 2 3 4 5
84827,1 2 3 4 5
84829,1 2 3 4 5
84835,1 2 3 4 5
84855,1 2 3 4 5
84859,1 2 3 4 5
84865,1 2 3 4 5
84866,1 2 3 4 5
84868,1 2 3 4 5
84896,1 2 3 4 5
84916,1 2 3 4 5
84919,1 2 3 4 5
84942,1 2 3 4 5
84945,1 2 3 4 5
84949,1 2 3 4 5
84956,1 2 3 4 5
84967,1 2 3 4 5
84969,1 2 3 4 5
84980,1 2 3 4 5
85001,1 2 3 4 5
85018,1 2 3 4 5
85020,1 2 3 4 5
85021,1 2 3 4 5
85028,1 2 3 4 5
85030,1 2 3 4 5
85036,1 2 3 4 5
85045,1 2 3 4 5
85046,1 2 3 4 5
85052,1 2 3 4 5
85063,1 2 3 4 5
85065,1 2 3 4 5
85066,1 2 3 4 5
85067,1 2 3 4 5
85076,1 2 3 4 5
85077,1 2 3 4 5
85080,1 2 3 4 5
85081,1 2 3 4 5
85083,1 2 3 4 5
85084,1 2 3 4 5
85103,1 2 3 4 5
85112,1 2 3 4 5
85121,1 2 3 4 5
85122,1 2 3 4 5
85126,1 2 3 4 5
85134,1 2 3 4 5
85142,1 2 3 4 5
85169,1 2 3 4 5
85177,1 2 3 4 5
85183,1 2 3 4 5
85187,1 2 3 4 5
85189,1 2 3 4 5
85196,1 2 3 4 5
85210,1 2 3 4 5
85224,1 2 3 4 5
85227,1 2 3 4 5
85244,1 2 3 4 5
85264,1 2 3 4 5
85268,1 2 3 4 5
85269,1 2 3 4 5
85273,1 2 3 4 5
85291,1 2 3 4 5
85293,1 2 3 4 5
85297,1 2 3 4 5
85299,1 2 3 4 5
85300,1 2 3 4 5
85301,1 2 3 4 5
85312,1 2 3 4 5
85313,1 2 3 4 5
85333,1 2 3 4 5
85340,1 2 3 4 5
85345,1 2 3 4 5
85353,1 2 3 4 5
85368,1 2 3 4 5
85377,1 2 3 4 5
85378,1 2 3 4 5
85403,1 2 3 4 5
85411,1 2 3 4 5
85413,1 2 3 4 5
85417,1 2 3 4 5
85423,1 2 3 4 5
85426,1 2 3 4 5
85432,1 2 3 4 5
85449,1 2 3 4 5
85459,1 2 3 4 5
85467,1 2 3 4 5
85468,1 2 3 4 5
85475,1 2 3 4 5
85486,1 2 3 4 5
85492,1 2 3 4 5
85495,1 2 3 4 5
85503,1 2 3 4 5
85517,1 2 3 4 5
85518,1 2 3 4 5
85521,1 2 3 4 5
85541,1 2 3 4 5
85556,1 2 3 4 5
85562,1 2 3 4 5
85572,1 2 3 4 5
85573,1 2 3 4 5
85576,1 2 3 4 5
85582,1 2 3 4 5
85603,1 2 3 4 5
85605,1 2 3 4 5
85611,1 2 3 4 5
85627,1 2 3 4 5
85630,1 2 3 4 5
85632,1 2 3 4 5
85635,1 2 3 4 5
85646,1 2 3 4 5
85661,1 2 3 4 5
85679,1 2 3 4 5
85699,1 2 3 4 5
85700,1 2 3 4 5
85702,1 2 3 4 5
85712,1 2 3 4 5
85713,1 2 3 4 5
85726,1 2 3 4 5
85729,1 2 3 4 5
85743,1 2 3 4 5
85754,1 2 3 4 5
85755,1 2 3 4 5
85761,1 2 3 4 5
85762,1 2 3 4 5
85765,1 2 3 4 5
85768,1 2 3 4 5
85786,1 2 3 4 5
85790,1 2 3 4 5
85795,1 2 3 4 5
85806,1 2 3 4 5
85818,1 2 3 4 5
85834,1 2 3 4 5
85837,1 2 3 4 5
85841,1 2 3 4 5
85856,1 2 3 4 5
85858,1 2 3 4 5
85866,1 2 3 4 5
85873,1 2 3 4 5
85875,1 2 3 4 5
85876,1 2 3 4 5
85886,1 2 3 4 5
85887,1 2 3 4 5
85893,1 2 3 4 5
85903,1 2 3 4 5
85950,1 2 3 4 5
85971,1 2 3 4 5
85995,1 2 3 4 5
85997,1 2 3 4 5
86012,1 2 3 4 5
86018,1 2 3 4 5
86028,1 2 3 4 5
86032,1 2 3 4 5
86035,1 2 3 4 5
86036,1 2 3 4 5
86045,1 2 3 4 5
86048,1 2 3 4 5
86060,1 2 3 4 5
86062,1 2 3 4 5
86081,1 2 3 4 5
86082,1 2 3 4 5
86092,1 2 3 4 5
86093,1 2 3 4 5
86097,1 2 3 4 5
86104,1 2 3 4 5
86108,1 2 3 4 5
86109,1 2 3 4 5
86122,1 2 3 4 5
86131,1 2 3 4 5
86133,1 2 3 4 5
86138,1 2 3 4 5
86146,1 2 3 4 5
86160,1 2 3 4 5
86164,1 2 3 4 5
86178,1 2 3 4 5
86181,1 2 3 4 5
86185,1 2 3 4 5
86189,1 2 3 4 5
86195,1 2 3 4 5
86203,1 2 3 4 5
86206,1 2 3 4 5
86219,1 2 3 4 5
86220,1 2 3 4 5
86227,1 2 3 4 5
86229,1 2 3 4 5
86240,1 2 3 4 5
86241,1 2 3 4 5
86249,1 2 3 4 5
86258,1 2 3 4 5
86259,1 2 3 4 5
86261,1 2 3 4 5
86268,1 2 3 4 5
86270,1 2 3 4 5
86272,1 2 3 4 5
86282,1 2 3 4 5
86288,1 2 3 4 5
86318,1 2 3 4 5
86322,1 2 3 4 5
86325,1 2 3 4 5
86340,1 2 3 4 5
86347,1 2 3 4 5
86348,1 2 3 4 5
86373,1 2 3 4 5
86381,1 2 3 4 5
86387,1 2 3 4 5
86398,1 2 3 4 5
86402,1 2 3 4 5
86406,1 2 3 4 5
86424,1 2 3 4 5
86440,1 2 3 4 5
86443,1 2 3 4 5
86444,1 2 3 4 5
86448,1 2 3 4 5
86455,1 2 3 4 5
86480,1 2 3 4 5
86481,1 2 3 4 5
86487,1 2 3 4 5
86490,1 2 3 4 5
86498,1 2 3 4 5
86507,1 2 3 4 5
86509,1 2 3 4 5
86533,1 2 3 4 5
86555,1 2 3 4 5
86564,1 2 3 4 5
86575,1 2 3 4 5
86589,1 2 3 4 5
86600,1 2 3 4 5
86604,1 2 3 4 5
86613,1 2 3 4 5
86621,1 2 3 4 5
86624,1 2 3 4 5
86629,1 2 3 4 5
86631,1 2 3 4 5
86641,1 2 3 4 5
86646,1 2 3 4 5
86648,1 2 3 4 5
86662,1 2 3 4 5
86664,1 2 3 4 5
86667,1 2 3 4 5
86676,1 2 3 4 5
86679,1 2 3 4 5
86686,1 2 3 4 5
86694,1 2 3 4 5
86695,1 2 3 4 5
86700,1 2 3 4 5
86709,1 2 3 4 5
86721,1 2 3 4 5
86724,1 2 3 4 5
86725,1 2 3 4 5
86734,1 2 3 4 5
86736,1 2 3 4 5
86740,1 2 3 4 5
86762,1 2 3 4 5
86766,1 2 3 4 5
86791,1 2 3 4 5
86800,1 2 3 4 5
86801,1 2 3 4 5
86802,1 2 3 4 5
86803,1 2 3 4 5
86806,1 2 3 4 5
86808,1 2 3 4 5
86814,1 2 3 4 5
86821,1 2 3 4 5
86824,1 2 3 4 5
86828,1 2 3 4 5
86832,1 2 3 4 5
86833,1 2 3 4 5
86838,1 2 3 4 5
86841,1 2 3 4 5
86845,1 2 3 4 5
86849,1 2 3 4 5
86866,1 2 3 4 5
86886,1 2 3 4 5
86915,1 2 3 4 5
86926,1 2 3 4 5
86928,1 2 3 4 5
86930,1 2 3 4 5
86935,1 2 3 4 5
86943,1 2 3 4 5
86945,1 2 3 4 5
86949,1 2 3 4 5
86954,1 2 3 4 5
86960,1 2 3 4 5
86971,1 2 3 4 5
86976,1 2 3 4 5
86985,1 2 3 4 5
86992,1 2 3 4 5
86994,1 2 3 4 5
87004,1 2 3 4 5
87016,1 2 3 4 5
87018,1 2 3 4 5
87037,1 2 3 4 5
87042,1 2 3 4 5
87057,1 2 3 4 5
87064,1 2 3 4 5
87086,1 2 3 4 5
87088,1 2 3 4 5
87090,1 2 3 4 5
87098,1 2 3 4 5
87111,1 2 3 4 5
87122,1 2 3 4 5
87136,1 2 3 4 5
87140,1 2 3 4 5
87146,1 2 3 4 5
87149,1 2 3 4 5
87150,1 2 3 4 5
87154,1 2 3 4 5
87162,1 2 3 4 5
87166,1 2 3 4 5
87179,1 2 3 4 5
87186,1 2 3 4 5
87188,1 2 3 4 5
87195,1 2 3 4 5
87205,1 2 3 4 5
87207,1 2 3 4 5
87219,1 2 3 4 5
87222,1 2 3 4 5
87226,1 2 3 4 5
87230,1 2 3 4 5
87236,1 2 3 4 5
87245,1 2 3 4 5
87262,1 2 3 4 5
87278,1 2 3 4 5
87279,1 2 3 4 5
87280,1 2 3 4 5
87285,1 2 3 4 5
87292,1 2 3 4 5
87297,1 2 3 4 5
87312,1 2 3 4 5
87314,1 2 3 4 5
87318,1 2 3 4 5
87320,1 2 3 4 5
87333,1 2 3 4 5
87342,1 2 3 4 5
87343,1 2 3 4 5
87351,1 2 3 4 5
87355,1 2 3 4 5
87375,1 2 3 4 5
87379,1 2 3 4 5
87391,1 2 3 4 5
87395,1 2 3 4 5
87399,1 2 3 4 5
87400,1 2 3 4 5
87406,1 2 3 4 5
87421,1 2 3 4 5
87427,1 2 3 4 5
87439,1 2 3 4 5
87462,1 2 3 4 5
87463,1 2 3 4 5
87465,1 2 3 4 5
87500,1 2 3 4 5
87508,1 2 3 4 5
87514,1 2 3 4 5
87515,1 2 3 4 5
87517,1 2 3 4 5
87535,1 2 3 4 5
87538,1 2 3 4 5
87544,1 2 3 4 5
87551,1 2 3 4 5
87577,1 2 3 4 5
87600,1 2 3 4 5
87623,1 2 3 4 5
87625,1 2 3 4 5
87627,1 2 3 4 5
87629,1 2 3 4 5
87631,1 2 3 4 5
87645,1 2 3 4 5
87652,1 2 3 4 5
87655,1 2 3 4 5
87664,1 2 3 4 5
87680,1 2 3 4 5
87689,1 2 3 4 5
87692,1 2 3 4 5
87712,1 2 3 4 5
87730,1 2 3 4 5
87740,1 2 3 4 5
87745,1 2 3 4 5
87747,1 2 3 4 5
87748,1 2 3 4 5
87752,1 2 3 4 5
87761,1 2 3 4 5
87763,1 2 3 4 5
87764,1 2 3 4 5
87765,1 2 3 4 5
87775,1 2 3 4 5
87786,1 2 3 4 5
87793,1 2 3 4 5
87797,1 2 3 4 5
87802,1 2 3 4 5
87812,1 2 3 4 5
87819,1 2 3 4 5
87829,1 2 3 4 5
87832,1 2 3 4 5
87841,1 2 3 4 5
87848,1 2 3 4 5
87849,1 2 3 4 5
87858,1 2 3 4 5
87863,1 2 3 4 5
87866,1 2 3 4 5
87867,1 2 3 4 5
87886,1 2 3 4 5
87891,1 2 3 4 5
87900,1 2 3 4 5
87904,1 2 3 4 5
87908,1 2 3 4 5
87915,1 2 3 4 5
87920,1 2 3 4 5
87922,1 2 3 4 5
87929,1 2 3 4 5
87938,1 2 3 4 5
87945,1 2 3 4 5
87971,1 2 3 4 5
87973,1 2 3 4 5
87985,1 2 3 4 5
87994,1 2 3 4 5
87997,1 2 3 4 5
87999,1 2 3 4 5
88000,1 2 3 4 5
88009,1 2 3 4 5
88014,1 2 3 4 5
88017,1 2 3 4 5
88018,1 2 3 4 5
88020,1 2 3 4 5
88022,1 2 3 4 5
88024,1 2 3 4 5
88026,1 2 3 4 5
88049,1 2 3 4 5
88057,1 2 3 4 5
88065,1 2 3 4 5
88074,1 2 3 4 5
88086,1 2 3 4 5
88092,1 2 3 4 5
88095,1 2 3 4 5
88105,1 2 3 4 5
88107,1 2 3 4 5
88124,1 2 3 4 5
88128,1 2 3 4 5
88129,1 2 3 4 5
88132,1 2 3 4 5
88139,1 2 3 4 5
88141,1 2 3 4 5
88144,1 2 3 4 5
88152,1 2 3 4 5
88159,1 2 3 4 5
88170,1 2 3 4 5
88196,1 2 3 4 5
88201,1 2 3 4 5
88208,1 2 3 4 5
88210,1 2 3 4 5
88216,1 2 3 4 5
88217,1 2 3 4 5
88225,1 2 3 4 5
88227,1 2 3 4 5
88235,1 2 3 4 5
88236,1 2 3 4 5
88244,1 2 3 4 5
88246,1 2 3 4 5
88253,1 2 3 4 5
88256,1 2 3 4 5
88271,1 2 3 4 5
88272,1 2 3 4 5
88274,1 2 3 4 5
88275,1 2 3 4 5
88291,1 2 3 4 5
88292,1 2 3 4 5
88302,1 2 3 4 5
88307,1 2 3 4 5
88324,1 2 3 4 5
88329,1 2 3 4 5
88332,1 2 3 4 5
88336,1 2 3 4 5
88359,1 2 3 4 5
88360,1 2 3 4 5
88363,1 2 3 4 5
88383,1 2 3 4 5
88393,1 2 3 4 5
88405,1 2 3 4 5
88410,1 2 3 4 5
88412,1 2 3 4 5
88417,1 2 3 4 5
88418,1 2 3 4 5
88423,1 2 3 4 5
88441,1 2 3 4 5
88442,1 2 3 4 5
88445,1 2 3 4 5
88457,1 2 3 4 5
88459,1 2 3 4 5
88464,1 2 3 4 5
88492,1 2 3 4 5
88501,1 2 3 4 5
88502,1 2 3 4 5
88504,1 2 3 4 5
88516,1 2 3 4 5
88521,1 2 3 4 5
88525,1 2 3 4 5
88531,1 2 3 4 5
88537,1 2 3 4 5
88543,1 2 3 4 5
88557,1 2 3 4 5
88570,1 2 3 4 5
88572,1 2 3 4 5
88573,1 2 3 4 5
88581,1 2 3 4 5
88589,1 2 3 4 5
88600,1 2 3 4 5
88608,1 2 3 4 5
88609,1 2 3 4 5
88616,1 2 3 4 5
88618,1 2 3 4 5
88623,1 2 3 4 5
88635,1 2 3 4 5
88641,1 2 3 4 5
88663,1 2 3 4 5
88685,1 2 3 4 5
88700,1 2 3 4 5
88714,1 2 3 4 5
88717,1 2 3 4 5
88722,1 2 3 4 5
88732,1 2 3 4 5
88746,1 2 3 4 5
88754,1 2 3 4 5
88785,1 2 3 4 5
88809,1 2 3 4 5
88810,1 2 3 4 5
88813,1 2 3 4 5
88824,1 2 3 4 5
88827,1 2 3 4 5
88834,1 2 3 4 5
88836,1 2 3 4 5
88847,1 2 3 4 5
88855,1 2 3 4 5
88865,1 2 3 4 5
88870,1 2 3 4 5
88881,1 2 3 4 5
88895,1 2 3 4 5
88901,1 2 3 4 5
88902,1 2 3 4 5
88907,1 2 3 4 5
88908,1 2 3 4 5
88909,1 2 3 4 5
88922,1 2 3 4 5
88931,1 2 3 4 5
88932,1 2 3 4 5
88934,1 2 3 4 5
88935,1 2 3 4 5
88951,1 2 3 4 5
88956,1 2 3 4 5
88958,1 2 3 4 5
88960,1 2 3 4 5
88976,1 2 3 4 5
88982,1 2 3 4 5
89003,1 2 3 4 5
89011,1 2 3 4 5
89012,1 2 3 4 5
89025,1 2 3 4 5
89033,1 2 3 4 5
89053,1 2 3 4 5
89068,1 2 3 4 5
89070,1 2 3 4 5
89077,1 2 3 4 5
89087,1 2 3 4 5
89093,1 2 3 4 5
89106,1 2 3 4 5
89108,1 2 3 4 5
89123,1 2 3 4 5
89132,1 2 3 4 5
89135,1 2 3 4 5
89143,1 2 3 4 5
89158,1 2 3 4 5
89164,1 2 3 4 5
89168,1 2 3 4 5
89181,1 2 3 4 5
89204,1 2 3 4 5
89205,1 2 3 4 5
89206,1 2 3 4 5
89208,1 2 3 4 5
89223,1 2 3 4 5
89225,1 2 3 4 5
89266,1 2 3 4 5
89267,1 2 3 4 5
89275,1 2 3 4 5
89293,1 2 3 4 5
89295,1 2 3 4 5
89301,1 2 3 4 5
89302,1 2 3 4 5
89303,1 2 3 4 5
89313,1 2 3 4 5
89317,1 2 3 4 5
89322,1 2 3 4 5
89325,1 2 3 4 5
89333,1 2 3 4 5
89335,1 2 3 4 5
89344,1 2 3 4 5
89347,1 2 3 4 5
89351,1 2 3 4 5
89355,1 2 3 4 5
89364,1 2 3 4 5
89368,1 2 3 4 5
89370,1 2 3 4 5
89380,1 2 3 4 5
89384,1 2 3 4 5
89395,1 2 3 4 5
89399,1 2 3 4 5
89402,1 2 3 4 5
89413,1 2 3 4 5
89417,1 2 3 4 5
89420,1 2 3 4 5
89431,1 2 3 4 5
89443,1 2 3 4 5
89445,1 2 3 4 5
89449,1 2 3 4 5
89469,1 2 3 4 5
89471,1 2 3 4 5
89473,1 2 3 4 5
89479,1 2 3 4 5
89481,1 2 3 4 5
89487,1 2 3 4 5
89488,1 2 3 4 5
89522,1 2 3 4 5
89523,1 2 3 4 5
89524,1 2 3 4 5
89529,1 2 3 4 5
89538,1 2 3 4 5
89540,1 2 3 4 5
89544,1 2 3 4 5
89547,1 2 3 4 5
89552,1 2 3 4 5
89558,1 2 3 4 5
89563,1 2 3 4 5
89566,1 2 3 4 5
89570,1 2 3 4 5
89577,1 2 3 4 5
89601,1 2 3 4 5
89605,1 2 3 4 5
89610,1 2 3 4 5
89617,1 2 3 4 5
89632,1 2 3 4 5
89639,1 2 3 4 5
89642,1 2 3 4 5
89646,1 2 3 4 5
89662,1 2 3 4 5
89677,1 2 3 4 5
89680,1 2 3 4 5
89685,1 2 3 4 5
89686,1 2 3 4 5
89687,1 2 3 4 5
89691,1 2 3 4 5
89702,1 2 3 4 5
89706,1 2 3 4 5
89710,1 2 3 4 5
89711,1 2 3 4 5
89722,1 2 3 4 5
89723,1 2 3 4 5
89724,1 2 3 4 5
89735,1 2 3 4 5
89739,1 2 3 4 5
89744,1 2 3 4 5
89748,1 2 3 4 5
89757,1 2 3 4 5
89759,1 2 3 4 5
89774,1 2 3 4 5
89789,1 2 3 4 5
89799,1 2 3 4 5
89814,1 2 3 4 5
89817,1 2 3 4 5
89834,1 2 3 4 5
89838,1 2 3 4 5
89839,1 2 3 4 5
89841,1 2 3 4 5
89843,1 2 3 4 5
89851,1 2 3 4 5
89862,1 2 3 4 5
89866,1 2 3 4 5
89879,1 2 3 4 5
89881,1 2 3 4 5
89883,1 2 3 4 5
89892,1 2 3 4 5
89896,1 2 3 4 5
89897,1 2 3 4 5
89900,1 2 3 4 5
89920,1 2 3 4 5
89921,1 2 3 4 5
89925,1 2 3 4 5
89928,1 2 3 4 5
89932,1 2 3 4 5
89935,1 2 3 4 5
89943,1 2 3 4 5
89947,1 2 3 4 5
89954,1 2 3 4 5
89961,1 2 3 4 5
89964,1 2 3 4 5
89965,1 2 3 4 5
89967,1 2 3 4 5
89973,1 2 3 4 5
89976,1 2 3 4 5
89981,1 2 3 4 5
89986,1 2 3 4 5
89994,1 2 3 4 5
89995,1 2 3 4 5
90003,1 2 3 4 5
90007,1 2 3 4 5
90014,1 2 3 4 5
90018,1 2 3 4 5
90019,1 2 3 4 5
90024,1 2 3 4 5
90025,1 2 3 4 5
90035,1 2 3 4 5
90039,1 2 3 4 5
90044,1 2 3 4 5
90054,1 2 3 4 5
90060,1 2 3 4 5
90067,1 2 3 4 5
90069,1 2 3 4 5
90079,1 2 3 4 5
90080,1 2 3 4 5
90085,1 2 3 4 5
90091,1 2 3 4 5
90094,1 2 3 4 5
90097,1 2 3 4 5
90101,1 2 3 4 5
90103,1 2 3 4 5
90131,1 2 3 4 5
90132,1 2 3 4 5
90135,1 2 3 4 5
90146,1 2 3 4 5
90148,1 2 3 4 5
90154,1 2 3 4 5
90163,1 2 3 4 5
90174,1 2 3 4 5
90177,1 2 3 4 5
90181,1 2 3 4 5
90182,1 2 3 4 5
90194,1 2 3 4 5
90201,1 2 3 4 5
90208,1 2 3 4 5
90209,1 2 3 4 5
90223,1 2 3 4 5
90230,1 2 3 4 5
90238,1 2 3 4 5
90252,1 2 3 4 5
90256,1 2 3 4 5
90257,1 2 3 4 5
90264,1 2 3 4 5
90268,1 2 3 4 5
90273,1 2 3 4 5
90274,1 2 3 4 5
90278,1 2 3 4 5
90287,1 2 3 4 5
90291,1 2 3 4 5
90292,1 2 3 4 5
90293,1 2 3 4 5
90296,1 2 3 4 5
90300,1 2 3 4 5
90311,1 2 3 4 5
90314,1 2 3 4 5
90316,1 2 3 4 5
90327,1 2 3 4 5
90332,1 2 3 4 5
90340,1 2 3 4 5
90344,1 2 3 4 5
90345,1 2 3 4 5
90364,1 2 3 4 5
90373,1 2 3 4 5
90377,1 2 3 4 5
90385,1 2 3 4 5
90393,1 2 3 4 5
90407,1 2 3 4 5
90421,1 2 3 4 5
90435,1 2 3 4 5
90440,1 2 3 4 5
90448,1 2 3 4 5
90455,1 2 3 4 5
90466,1 2 3 4 5
90479,1 2 3 4 5
90482,1 2 3 4 5
90508,1 2 3 4 5
90511,1 2 3 4 5
90520,1 2 3 4 5
90528,1 2 3 4 5
90529,1 2 3 4 5
90532,1 2 3 4 5
90534,1 2 3 4 5
90547,1 2 3 4 5
90553,1 2 3 4 5
90555,1 2 3 4 5
90557,1 2 3 4 5
90559,1 2 3 4 5
90565,1 2 3 4 5
90571,1 2 3 4 5
90574,1 2 3 4 5
90579,1 2 3 4 5
90586,1 2 3 4 5
90591,1 2 3 4 5
90615,1 2 3 4 5
90620,1 2 3 4 5
90630,1 2 3 4 5
90655,1 2 3 4 5
90660,1 2 3 4 5
90663,1 2 3 4 5
90666,1 2 3 4 5
90667,1 2 3 4 5
90678,1 2 3 4 5
90690,1 2 3 4 5
90726,1 2 3 4 5
90731,1 2 3 4 5
90732,1 2 3 4 5
90733,1 2 3 4 5
90738,1 2 3 4 5
90739,1 2 3 4 5
90742,1 2 3 4 5
90743,1 2 3 4 5
90745,1 2 3 4 5
90746,1 2 3 4 5
90750,1 2 3 4 5
90754,1 2 3 4 5
90756,1 2 3 4 5
90758,1 2 3 4 5
90769,1 2 3 4 5
90774,1 2 3 4 5
90784,1 2 3 4 5
90786,1 2 3 4 5
90801,1 2 3 4 5
90806,1 2 3 4 5
90807,1 2 3 4 5
90823,1 2 3 4 5
90829,1 2 3 4 5
90842,1 2 3 4 5
90867,1 2 3 4 5
90876,1 2 3 4 5
90879,1 2 3 4 5
90881,1 2 3 4 5
90886,1 2 3 4 5
90891,1 2 3 4 5
90892,1 2 3 4 5
90898,1 2 3 4 5
90910,1 2 3 4 5
90915,1 2 3 4 5
90924,1 2 3 4 5
90929,1 2 3 4 5
90930,1 2 3 4 5
90935,1 2 3 4 5
90938,1 2 3 4 5
90943,1 2 3 4 5
90948,1 2 3 4 5
90952,1 2 3 4 5
90955,1 2 3 4 5
90962,1 2 3 4 5
90976,1 2 3 4 5
90980,1 2 3 4 5
90991,1 2 3 4 5
90998,1 2 3 4 5
91001,1 2 3 4 5
91003,1 2 3 4 5
91012,1 2 3 4 5
91013,1 2 3 4 5
91028,1 2 3 4 5
91035,1 2 3 4 5
91042,1 2 3 4 5
91043,1 2 3 4 5
91044,1 2 3 4 5
91045,1 2 3 4 5
91047,1 2 3 4 5
91049,1 2 3 4 5
91054,1 2 3 4 5
91055,1 2 3 4 5
91058,1 2 3 4 5
91067,1 2 3 4 5
91070,1 2 3 4 5
91072,1 2 3 4 5
91076,1 2 3 4 5
91089,1 2 3 4 5
91093,1 2 3 4 5
91098,1 2 3 4 5
91107,1 2 3 4 5
91108,1 2 3 4 5
91109,1 2 3 4 5
91112,1 2 3 4 5
91114,1 2 3 4 5
91136,1 2 3 4 5
91137,1 2 3 4 5
91140,1 2 3 4 5
91141,1 2 3 4 5
91151,1 2 3 4 5
91152,1 2 3 4 5
91158,1 2 3 4 5
91163,1 2 3 4 5
91178,1 2 3 4 5
91180,1 2 3 4 5
91190,1 2 3 4 5
91194,1 2 3 4 5
91201,1 2 3 4 5
91205,1 2 3 4 5
91206,1 2 3 4 5
91230,1 2 3 4 5
91232,1 2 3 4 5
91239,1 2 3 4 5
91241,1 2 3 4 5
91248,1 2 3 4 5
91250,1 2 3 4 5
91277,1 2 3 4 5
91280,1 2 3 4 5
91283,1 2 3 4 5
91287,1 2 3 4 5
91288,1 2 3 4 5
91289,1 2 3 4 5
91290,1 2 3 4 5
91303,1 2 3 4 5
91313,1 2 3 4 5
91317,1 2 3 4 5
91321,1 2 3 4 5
91329,1 2 3 4 5
91330,1 2 3 4 5
91337,1 2 3 4 5
91344,1 2 3 4 5
91350,1 2 3 4 5
91358,1 2 3 4 5
91359,1 2 3 4 5
91360,1 2 3 4 5
91368,1 2 3 4 5
91373,1 2 3 4 5
91379,1 2 3 4 5
91380,1 2 3 4 5
91387,1 2 3 4 5
91388,1 2 3 4 5
91391,1 2 3 4 5
91410,1 2 3 4 5
91411,1 2 3 4 5
91419,1 2 3 4 5
91421,1 2 3 4 5
91423,1 2 3 4 5
